         1.525E+00  9.150E+01  4.000E+00
         1.525E+00  9.450E+01  4.000E+00
         1.525E+00  9.750E+01  4.000E+00
         1.525E+00  1.005E+02  4.000E+00
         1.525E+00  1.035E+02  4.000E+00
         1.525E+00  1.065E+02  4.000E+00
         1.525E+00  1.095E+02  4.000E+00
         1.525E+00  1.125E+02  4.000E+00
         1.525E+00  1.155E+02  4.000E+00
         1.525E+00  1.185E+02  4.000E+00
         1.525E+00  1.215E+02  4.000E+00
         1.525E+00  1.245E+02  4.000E+00
         1.525E+00  1.275E+02  4.000E+00
         1.525E+00  1.305E+02  4.000E+00
         1.525E+00  1.335E+02  4.000E+00
         1.525E+00  1.365E+02  4.000E+00
         1.525E+00  1.395E+02  4.000E+00
         1.525E+00  1.425E+02  3.462E+00
         1.525E+00  1.455E+02  2.730E+00
         1.525E+00  1.485E+02  2.397E+00
         1.525E+00  1.515E+02  2.480E+00
         1.525E+00  1.545E+02  2.442E+00
         1.525E+00  1.575E+02  2.144E+00
         1.525E+00  1.605E+02  1.677E+00
         1.525E+00  1.635E+02  1.150E+00
         1.525E+00  1.665E+02  6.345E-01
         1.525E+00  1.695E+02  3.539E-01
         1.525E+00  1.725E+02  3.342E-01
         1.525E+00  1.755E+02  1.495E-01
         1.525E+00  1.785E+02  0.000E+00
         1.575E+00  9.150E+01  4.000E+00
         1.575E+00  9.450E+01  4.000E+00
         1.575E+00  9.750E+01  4.000E+00
         1.575E+00  1.005E+02  4.000E+00
         1.575E+00  1.035E+02  4.000E+00
         1.575E+00  1.065E+02  4.000E+00
         1.575E+00  1.095E+02  4.000E+00
         1.575E+00  1.125E+02  4.000E+00
         1.575E+00  1.155E+02  4.000E+00
         1.575E+00  1.185E+02  4.000E+00
         1.575E+00  1.215E+02  4.000E+00
         1.575E+00  1.245E+02  4.000E+00
         1.575E+00  1.275E+02  4.000E+00
         1.575E+00  1.305E+02  4.000E+00
         1.575E+00  1.335E+02  4.000E+00
         1.575E+00  1.365E+02  4.000E+00
         1.575E+00  1.395E+02  3.492E+00
         1.575E+00  1.425E+02  2.963E+00
         1.575E+00  1.455E+02  2.546E+00
         1.575E+00  1.485E+02  2.346E+00
         1.575E+00  1.515E+02  2.219E+00
         1.575E+00  1.545E+02  1.891E+00
         1.575E+00  1.575E+02  1.475E+00
         1.575E+00  1.605E+02  1.058E+00
         1.575E+00  1.635E+02  7.006E-01
         1.575E+00  1.665E+02  4.045E-01
         1.575E+00  1.695E+02  2.578E-01
         1.575E+00  1.725E+02  2.201E-01
         1.575E+00  1.755E+02  3.870E-02
         1.575E+00  1.785E+02  0.000E+00
         1.625E+00  9.150E+01  4.000E+00
         1.625E+00  9.450E+01  4.000E+00
         1.625E+00  9.750E+01  4.000E+00
         1.625E+00  1.005E+02  4.000E+00
         1.625E+00  1.035E+02  4.000E+00
         1.625E+00  1.065E+02  4.000E+00
         1.625E+00  1.095E+02  4.000E+00
         1.625E+00  1.125E+02  4.000E+00
         1.625E+00  1.155E+02  4.000E+00
         1.625E+00  1.185E+02  4.000E+00
         1.625E+00  1.215E+02  4.000E+00
         1.625E+00  1.245E+02  4.000E+00
         1.625E+00  1.275E+02  4.000E+00
         1.625E+00  1.305E+02  4.000E+00
         1.625E+00  1.335E+02  4.000E+00
         1.625E+00  1.365E+02  4.000E+00
         1.625E+00  1.395E+02  3.537E+00
         1.625E+00  1.425E+02  3.083E+00
         1.625E+00  1.455E+02  2.718E+00
         1.625E+00  1.485E+02  2.426E+00
         1.625E+00  1.515E+02  2.078E+00
         1.625E+00  1.545E+02  1.617E+00
         1.625E+00  1.575E+02  1.143E+00
         1.625E+00  1.605E+02  7.300E-01
         1.625E+00  1.635E+02  4.223E-01
         1.625E+00  1.665E+02  2.359E-01
         1.625E+00  1.695E+02  1.544E-01
         1.625E+00  1.725E+02  8.587E-02
         1.625E+00  1.755E+02  0.000E+00
         1.625E+00  1.785E+02  1.616E-01
         1.675E+00  9.150E+01  4.000E+00
         1.675E+00  9.450E+01  4.000E+00
         1.675E+00  9.750E+01  4.000E+00
         1.675E+00  1.005E+02  4.000E+00
         1.675E+00  1.035E+02  4.000E+00
         1.675E+00  1.065E+02  4.000E+00
         1.675E+00  1.095E+02  4.000E+00
         1.675E+00  1.125E+02  4.000E+00
         1.675E+00  1.155E+02  4.000E+00
         1.675E+00  1.185E+02  4.000E+00
         1.675E+00  1.215E+02  4.000E+00
         1.675E+00  1.245E+02  4.000E+00
         1.675E+00  1.275E+02  4.000E+00
         1.675E+00  1.305E+02  4.000E+00
         1.675E+00  1.335E+02  4.000E+00
         1.675E+00  1.365E+02  4.000E+00
         1.675E+00  1.395E+02  4.000E+00
         1.675E+00  1.425E+02  3.560E+00
         1.675E+00  1.455E+02  3.077E+00
         1.675E+00  1.485E+02  2.548E+00
         1.675E+00  1.515E+02  2.007E+00
         1.675E+00  1.545E+02  1.491E+00
         1.675E+00  1.575E+02  1.018E+00
         1.675E+00  1.605E+02  6.084E-01
         1.675E+00  1.635E+02  2.959E-01
         1.675E+00  1.665E+02  1.180E-01
         1.675E+00  1.695E+02  5.330E-02
         1.675E+00  1.725E+02  1.801E-02
         1.675E+00  1.755E+02  0.000E+00
         1.675E+00  1.785E+02  2.217E-01
         1.725E+00  9.150E+01  4.000E+00
         1.725E+00  9.450E+01  4.000E+00
         1.725E+00  9.750E+01  4.000E+00
         1.725E+00  1.005E+02  4.000E+00
         1.725E+00  1.035E+02  4.000E+00
         1.725E+00  1.065E+02  4.000E+00
         1.725E+00  1.095E+02  4.000E+00
         1.725E+00  1.125E+02  4.000E+00
         1.725E+00  1.155E+02  4.000E+00
         1.725E+00  1.185E+02  4.000E+00
         1.725E+00  1.215E+02  4.000E+00
         1.725E+00  1.245E+02  4.000E+00
         1.725E+00  1.275E+02  4.000E+00
         1.725E+00  1.305E+02  4.000E+00
         1.725E+00  1.335E+02  4.000E+00
         1.725E+00  1.365E+02  4.000E+00
         1.725E+00  1.395E+02  4.000E+00
         1.725E+00  1.425E+02  3.754E+00
         1.725E+00  1.455E+02  3.171E+00
         1.725E+00  1.485E+02  2.532E+00
         1.725E+00  1.515E+02  1.916E+00
         1.725E+00  1.545E+02  1.371E+00
         1.725E+00  1.575E+02  9.021E-01
         1.725E+00  1.605E+02  5.148E-01
         1.725E+00  1.635E+02  2.283E-01
         1.725E+00  1.665E+02  5.812E-02
         1.725E+00  1.695E+02  0.000E+00
         1.725E+00  1.725E+02  1.355E-02
         1.725E+00  1.755E+02  7.479E-02
         1.725E+00  1.785E+02  3.521E-01
         1.775E+00  9.150E+01  4.000E+00
         1.775E+00  9.450E+01  4.000E+00
         1.775E+00  9.750E+01  4.000E+00
         1.775E+00  1.005E+02  4.000E+00
         1.775E+00  1.035E+02  4.000E+00
         1.775E+00  1.065E+02  4.000E+00
         1.775E+00  1.095E+02  4.000E+00
         1.775E+00  1.125E+02  4.000E+00
         1.775E+00  1.155E+02  4.000E+00
         1.775E+00  1.185E+02  4.000E+00
         1.775E+00  1.215E+02  4.000E+00
         1.775E+00  1.245E+02  4.000E+00
         1.775E+00  1.275E+02  4.000E+00
         1.775E+00  1.305E+02  4.000E+00
         1.775E+00  1.335E+02  4.000E+00
         1.775E+00  1.365E+02  4.000E+00
         1.775E+00  1.395E+02  4.000E+00
         1.775E+00  1.425E+02  3.708E+00
         1.775E+00  1.455E+02  3.090E+00
         1.775E+00  1.485E+02  2.431E+00
         1.775E+00  1.515E+02  1.795E+00
         1.775E+00  1.545E+02  1.231E+00
         1.775E+00  1.575E+02  7.663E-01
         1.775E+00  1.605E+02  4.101E-01
         1.775E+00  1.635E+02  1.667E-01
         1.775E+00  1.665E+02  3.034E-02
         1.775E+00  1.695E+02  0.000E+00
         1.775E+00  1.725E+02  5.396E-02
         1.775E+00  1.755E+02  1.810E-01
         1.775E+00  1.785E+02  5.299E-01
         1.825E+00  9.150E+01  4.000E+00
         1.825E+00  9.450E+01  4.000E+00
         1.825E+00  9.750E+01  4.000E+00
         1.825E+00  1.005E+02  4.000E+00
         1.825E+00  1.035E+02  4.000E+00
         1.825E+00  1.065E+02  4.000E+00
         1.825E+00  1.095E+02  4.000E+00
         1.825E+00  1.125E+02  4.000E+00
         1.825E+00  1.155E+02  4.000E+00
         1.825E+00  1.185E+02  4.000E+00
         1.825E+00  1.215E+02  4.000E+00
         1.825E+00  1.245E+02  4.000E+00
         1.825E+00  1.275E+02  4.000E+00
         1.825E+00  1.305E+02  4.000E+00
         1.825E+00  1.335E+02  4.000E+00
         1.825E+00  1.365E+02  4.000E+00
         1.825E+00  1.395E+02  4.000E+00
         1.825E+00  1.425E+02  3.553E+00
         1.825E+00  1.455E+02  2.882E+00
         1.825E+00  1.485E+02  2.218E+00
         1.825E+00  1.515E+02  1.599E+00
         1.825E+00  1.545E+02  1.049E+00
         1.825E+00  1.575E+02  6.055E-01
         1.825E+00  1.605E+02  2.879E-01
         1.825E+00  1.635E+02  9.029E-02
         1.825E+00  1.665E+02  0.000E+00
         1.825E+00  1.695E+02  1.587E-02
         1.825E+00  1.725E+02  1.143E-01
         1.825E+00  1.755E+02  2.865E-01
         1.825E+00  1.785E+02  6.793E-01
         1.875E+00  9.150E+01  4.000E+00
         1.875E+00  9.450E+01  4.000E+00
         1.875E+00  9.750E+01  4.000E+00
         1.875E+00  1.005E+02  4.000E+00
         1.875E+00  1.035E+02  4.000E+00
         1.875E+00  1.065E+02  4.000E+00
         1.875E+00  1.095E+02  4.000E+00
         1.875E+00  1.125E+02  4.000E+00
         1.875E+00  1.155E+02  4.000E+00
         1.875E+00  1.185E+02  4.000E+00
         1.875E+00  1.215E+02  4.000E+00
         1.875E+00  1.245E+02  4.000E+00
         1.875E+00  1.275E+02  4.000E+00
         1.875E+00  1.305E+02  4.000E+00
         1.875E+00  1.335E+02  4.000E+00
         1.875E+00  1.365E+02  4.000E+00
         1.875E+00  1.395E+02  4.000E+00
         1.875E+00  1.425E+02  3.317E+00
         1.875E+00  1.455E+02  2.602E+00
         1.875E+00  1.485E+02  1.938E+00
         1.875E+00  1.515E+02  1.351E+00
         1.875E+00  1.545E+02  8.424E-01
         1.875E+00  1.575E+02  4.415E-01
         1.875E+00  1.605E+02  1.753E-01
         1.875E+00  1.635E+02  3.284E-02
         1.875E+00  1.665E+02  0.000E+00
         1.875E+00  1.695E+02  7.445E-02
         1.875E+00  1.725E+02  2.266E-01
         1.875E+00  1.755E+02  4.426E-01
         1.875E+00  1.785E+02  8.687E-01
         1.925E+00  9.150E+01  4.000E+00
         1.925E+00  9.450E+01  4.000E+00
         1.925E+00  9.750E+01  4.000E+00
         1.925E+00  1.005E+02  4.000E+00
         1.925E+00  1.035E+02  4.000E+00
         1.925E+00  1.065E+02  4.000E+00
         1.925E+00  1.095E+02  4.000E+00
         1.925E+00  1.125E+02  4.000E+00
         1.925E+00  1.155E+02  4.000E+00
         1.925E+00  1.185E+02  4.000E+00
         1.925E+00  1.215E+02  4.000E+00
         1.925E+00  1.245E+02  4.000E+00
         1.925E+00  1.275E+02  4.000E+00
         1.925E+00  1.305E+02  4.000E+00
         1.925E+00  1.335E+02  4.000E+00
         1.925E+00  1.365E+02  4.000E+00
         1.925E+00  1.395E+02  3.713E+00
         1.925E+00  1.425E+02  3.002E+00
         1.925E+00  1.455E+02  2.293E+00
         1.925E+00  1.485E+02  1.648E+00
         1.925E+00  1.515E+02  1.095E+00
         1.925E+00  1.545E+02  6.367E-01
         1.925E+00  1.575E+02  2.912E-01
         1.925E+00  1.605E+02  8.136E-02
         1.925E+00  1.635E+02  0.000E+00
         1.925E+00  1.665E+02  3.772E-02
         1.925E+00  1.695E+02  1.828E-01
         1.925E+00  1.725E+02  3.964E-01
         1.925E+00  1.755E+02  6.600E-01
         1.925E+00  1.785E+02  1.117E+00
         1.975E+00  9.150E+01  4.000E+00
         1.975E+00  9.450E+01  4.000E+00
         1.975E+00  9.750E+01  4.000E+00
         1.975E+00  1.005E+02  4.000E+00
         1.975E+00  1.035E+02  4.000E+00
         1.975E+00  1.065E+02  4.000E+00
         1.975E+00  1.095E+02  4.000E+00
         1.975E+00  1.125E+02  4.000E+00
         1.975E+00  1.155E+02  4.000E+00
         1.975E+00  1.185E+02  4.000E+00
         1.975E+00  1.215E+02  4.000E+00
         1.975E+00  1.245E+02  4.000E+00
         1.975E+00  1.275E+02  4.000E+00
         1.975E+00  1.305E+02  4.000E+00
         1.975E+00  1.335E+02  4.000E+00
         1.975E+00  1.365E+02  3.978E+00
         1.975E+00  1.395E+02  3.317E+00
         1.975E+00  1.425E+02  2.644E+00
         1.975E+00  1.455E+02  1.983E+00
         1.975E+00  1.485E+02  1.385E+00
         1.975E+00  1.515E+02  8.771E-01
         1.975E+00  1.545E+02  4.702E-01
         1.975E+00  1.575E+02  1.804E-01
         1.975E+00  1.605E+02  2.280E-02
         1.975E+00  1.635E+02  0.000E+00
         1.975E+00  1.665E+02  1.116E-01
         1.975E+00  1.695E+02  3.308E-01
         1.975E+00  1.725E+02  6.038E-01
         1.975E+00  1.755E+02  9.066E-01
         1.975E+00  1.785E+02  1.380E+00
         2.025E+00  9.150E+01  4.000E+00
         2.025E+00  9.450E+01  4.000E+00
         2.025E+00  9.750E+01  4.000E+00
         2.025E+00  1.005E+02  4.000E+00
         2.025E+00  1.035E+02  4.000E+00
         2.025E+00  1.065E+02  4.000E+00
         2.025E+00  1.095E+02  4.000E+00
         2.025E+00  1.125E+02  4.000E+00
         2.025E+00  1.155E+02  4.000E+00
         2.025E+00  1.185E+02  4.000E+00
         2.025E+00  1.215E+02  4.000E+00
         2.025E+00  1.245E+02  4.000E+00
         2.025E+00  1.275E+02  4.000E+00
         2.025E+00  1.305E+02  4.000E+00
         2.025E+00  1.335E+02  4.000E+00
         2.025E+00  1.365E+02  3.530E+00
         2.025E+00  1.395E+02  2.900E+00
         2.025E+00  1.425E+02  2.280E+00
         2.025E+00  1.455E+02  1.682E+00
         2.025E+00  1.485E+02  1.144E+00
         2.025E+00  1.515E+02  6.911E-01
         2.025E+00  1.545E+02  3.385E-01
         2.025E+00  1.575E+02  1.044E-01
         2.025E+00  1.605E+02  0.000E+00
         2.025E+00  1.635E+02  3.192E-02
         2.025E+00  1.665E+02  2.036E-01
         2.025E+00  1.695E+02  4.830E-01
         2.025E+00  1.725E+02  8.062E-01
         2.025E+00  1.755E+02  1.134E+00
         2.025E+00  1.785E+02  1.596E+00
         2.075E+00  9.150E+01  4.000E+00
         2.075E+00  9.450E+01  4.000E+00
         2.075E+00  9.750E+01  4.000E+00
         2.075E+00  1.005E+02  4.000E+00
         2.075E+00  1.035E+02  4.000E+00
         2.075E+00  1.065E+02  4.000E+00
         2.075E+00  1.095E+02  4.000E+00
         2.075E+00  1.125E+02  4.000E+00
         2.075E+00  1.155E+02  4.000E+00
         2.075E+00  1.185E+02  4.000E+00
         2.075E+00  1.215E+02  4.000E+00
         2.075E+00  1.245E+02  4.000E+00
         2.075E+00  1.275E+02  4.000E+00
         2.075E+00  1.305E+02  4.000E+00
         2.075E+00  1.335E+02  3.661E+00
         2.075E+00  1.365E+02  3.084E+00
         2.075E+00  1.395E+02  2.503E+00
         2.075E+00  1.425E+02  1.941E+00
         2.075E+00  1.455E+02  1.402E+00
         2.075E+00  1.485E+02  9.203E-01
         2.075E+00  1.515E+02  5.223E-01
         2.075E+00  1.545E+02  2.257E-01
         2.075E+00  1.575E+02  4.842E-02
         2.075E+00  1.605E+02  0.000E+00
         2.075E+00  1.635E+02  8.525E-02
         2.075E+00  1.665E+02  3.041E-01
         2.075E+00  1.695E+02  6.249E-01
         2.075E+00  1.725E+02  9.907E-01
         2.075E+00  1.755E+02  1.349E+00
         2.075E+00  1.785E+02  1.802E+00
         2.125E+00  9.150E+01  4.000E+00
         2.125E+00  9.450E+01  4.000E+00
         2.125E+00  9.750E+01  4.000E+00
         2.125E+00  1.005E+02  4.000E+00
         2.125E+00  1.035E+02  4.000E+00
         2.125E+00  1.065E+02  4.000E+00
         2.125E+00  1.095E+02  4.000E+00
         2.125E+00  1.125E+02  4.000E+00
         2.125E+00  1.155E+02  4.000E+00
         2.125E+00  1.185E+02  4.000E+00
         2.125E+00  1.215E+02  4.000E+00
         2.125E+00  1.245E+02  4.000E+00
         2.125E+00  1.275E+02  4.000E+00
         2.125E+00  1.305E+02  3.703E+00
         2.125E+00  1.335E+02  3.205E+00
         2.125E+00  1.365E+02  2.683E+00
         2.125E+00  1.395E+02  2.150E+00
         2.125E+00  1.425E+02  1.641E+00
         2.125E+00  1.455E+02  1.154E+00
         2.125E+00  1.485E+02  7.218E-01
         2.125E+00  1.515E+02  3.740E-01
         2.125E+00  1.545E+02  1.265E-01
         2.125E+00  1.575E+02  0.000E+00
         2.125E+00  1.605E+02  4.890E-03
         2.125E+00  1.635E+02  1.418E-01
         2.125E+00  1.665E+02  4.020E-01
         2.125E+00  1.695E+02  7.498E-01
         2.125E+00  1.725E+02  1.148E+00
         2.125E+00  1.755E+02  1.551E+00
         2.125E+00  1.785E+02  2.040E+00
         2.175E+00  9.150E+01  4.000E+00
         2.175E+00  9.450E+01  4.000E+00
         2.175E+00  9.750E+01  4.000E+00
         2.175E+00  1.005E+02  4.000E+00
         2.175E+00  1.035E+02  4.000E+00
         2.175E+00  1.065E+02  4.000E+00
         2.175E+00  1.095E+02  4.000E+00
         2.175E+00  1.125E+02  4.000E+00
         2.175E+00  1.155E+02  4.000E+00
         2.175E+00  1.185E+02  4.000E+00
         2.175E+00  1.215E+02  4.000E+00
         2.175E+00  1.245E+02  4.000E+00
         2.175E+00  1.275E+02  3.680E+00
         2.175E+00  1.305E+02  3.238E+00
         2.175E+00  1.335E+02  2.806E+00
         2.175E+00  1.365E+02  2.342E+00
         2.175E+00  1.395E+02  1.862E+00
         2.175E+00  1.425E+02  1.410E+00
         2.175E+00  1.455E+02  9.822E-01
         2.175E+00  1.485E+02  6.025E-01
         2.175E+00  1.515E+02  2.983E-01
         2.175E+00  1.545E+02  8.740E-02
         2.175E+00  1.575E+02  0.000E+00
         2.175E+00  1.605E+02  5.076E-02
         2.175E+00  1.635E+02  2.339E-01
         2.175E+00  1.665E+02  5.297E-01
         2.175E+00  1.695E+02  8.934E-01
         2.175E+00  1.725E+02  1.305E+00
         2.175E+00  1.755E+02  1.752E+00
         2.175E+00  1.785E+02  2.307E+00
         2.225E+00  9.150E+01  4.000E+00
         2.225E+00  9.450E+01  4.000E+00
         2.225E+00  9.750E+01  4.000E+00
         2.225E+00  1.005E+02  4.000E+00
         2.225E+00  1.035E+02  4.000E+00
         2.225E+00  1.065E+02  4.000E+00
         2.225E+00  1.095E+02  4.000E+00
         2.225E+00  1.125E+02  4.000E+00
         2.225E+00  1.155E+02  4.000E+00
         2.225E+00  1.185E+02  4.000E+00
         2.225E+00  1.215E+02  4.000E+00
         2.225E+00  1.245E+02  3.610E+00
         2.225E+00  1.275E+02  3.145E+00
         2.225E+00  1.305E+02  2.753E+00
         2.225E+00  1.335E+02  2.378E+00
         2.225E+00  1.365E+02  1.982E+00
         2.225E+00  1.395E+02  1.570E+00
         2.225E+00  1.425E+02  1.183E+00
         2.225E+00  1.455E+02  8.181E-01
         2.225E+00  1.485E+02  4.944E-01
         2.225E+00  1.515E+02  2.327E-01
         2.225E+00  1.545E+02  5.482E-02
         2.225E+00  1.575E+02  0.000E+00
         2.225E+00  1.605E+02  9.103E-02
         2.225E+00  1.635E+02  3.185E-01
         2.225E+00  1.665E+02  6.519E-01
         2.225E+00  1.695E+02  1.029E+00
         2.225E+00  1.725E+02  1.443E+00
         2.225E+00  1.755E+02  1.930E+00
         2.225E+00  1.785E+02  2.518E+00
         2.275E+00  9.150E+01  4.000E+00
         2.275E+00  9.450E+01  4.000E+00
         2.275E+00  9.750E+01  4.000E+00
         2.275E+00  1.005E+02  4.000E+00
         2.275E+00  1.035E+02  4.000E+00
         2.275E+00  1.065E+02  4.000E+00
         2.275E+00  1.095E+02  4.000E+00
         2.275E+00  1.125E+02  4.000E+00
         2.275E+00  1.155E+02  4.000E+00
         2.275E+00  1.185E+02  4.000E+00
         2.275E+00  1.215E+02  3.546E+00
         2.275E+00  1.245E+02  3.106E+00
         2.275E+00  1.275E+02  2.683E+00
         2.275E+00  1.305E+02  2.308E+00
         2.275E+00  1.335E+02  1.969E+00
         2.275E+00  1.365E+02  1.635E+00
         2.275E+00  1.395E+02  1.299E+00
         2.275E+00  1.425E+02  9.773E-01
         2.275E+00  1.455E+02  6.716E-01
         2.275E+00  1.485E+02  3.966E-01
         2.275E+00  1.515E+02  1.722E-01
         2.275E+00  1.545E+02  2.498E-02
         2.275E+00  1.575E+02  0.000E+00
         2.275E+00  1.605E+02  1.291E-01
         2.275E+00  1.635E+02  4.016E-01
         2.275E+00  1.665E+02  7.815E-01
         2.275E+00  1.695E+02  1.192E+00
         2.275E+00  1.725E+02  1.629E+00
         2.275E+00  1.755E+02  2.134E+00
         2.275E+00  1.785E+02  2.672E+00
         2.325E+00  9.150E+01  4.000E+00
         2.325E+00  9.450E+01  4.000E+00
         2.325E+00  9.750E+01  4.000E+00
         2.325E+00  1.005E+02  4.000E+00
         2.325E+00  1.035E+02  4.000E+00
         2.325E+00  1.065E+02  4.000E+00
         2.325E+00  1.095E+02  4.000E+00
         2.325E+00  1.125E+02  4.000E+00
         2.325E+00  1.155E+02  3.934E+00
         2.325E+00  1.185E+02  3.429E+00
         2.325E+00  1.215E+02  3.018E+00
         2.325E+00  1.245E+02  2.686E+00
         2.325E+00  1.275E+02  2.327E+00
         2.325E+00  1.305E+02  1.968E+00
         2.325E+00  1.335E+02  1.651E+00
         2.325E+00  1.365E+02  1.355E+00
         2.325E+00  1.395E+02  1.079E+00
         2.325E+00  1.425E+02  8.239E-01
         2.325E+00  1.455E+02  5.682E-01
         2.325E+00  1.485E+02  3.234E-01
         2.325E+00  1.515E+02  1.218E-01
         2.325E+00  1.545E+02  0.000E+00
         2.325E+00  1.575E+02  3.826E-03
         2.325E+00  1.605E+02  1.714E-01
         2.325E+00  1.635E+02  4.883E-01
         2.325E+00  1.665E+02  9.131E-01
         2.325E+00  1.695E+02  1.380E+00
         2.325E+00  1.725E+02  1.856E+00
         2.325E+00  1.755E+02  2.305E+00
         2.325E+00  1.785E+02  2.717E+00
         2.375E+00  9.150E+01  4.000E+00
         2.375E+00  9.450E+01  4.000E+00
         2.375E+00  9.750E+01  4.000E+00
         2.375E+00  1.005E+02  4.000E+00
         2.375E+00  1.035E+02  4.000E+00
         2.375E+00  1.065E+02  4.000E+00
         2.375E+00  1.095E+02  4.000E+00
         2.375E+00  1.125E+02  4.000E+00
         2.375E+00  1.155E+02  3.516E+00
         2.375E+00  1.185E+02  3.028E+00
         2.375E+00  1.215E+02  2.658E+00
         2.375E+00  1.245E+02  2.397E+00
         2.375E+00  1.275E+02  2.093E+00
         2.375E+00  1.305E+02  1.746E+00
         2.375E+00  1.335E+02  1.448E+00
         2.375E+00  1.365E+02  1.181E+00
         2.375E+00  1.395E+02  9.481E-01
         2.375E+00  1.425E+02  7.465E-01
         2.375E+00  1.455E+02  5.311E-01
         2.375E+00  1.485E+02  3.002E-01
         2.375E+00  1.515E+02  1.061E-01
         2.375E+00  1.545E+02  0.000E+00
         2.375E+00  1.575E+02  2.105E-02
         2.375E+00  1.605E+02  2.168E-01
         2.375E+00  1.635E+02  5.718E-01
         2.375E+00  1.665E+02  1.029E+00
         2.375E+00  1.695E+02  1.538E+00
         2.375E+00  1.725E+02  2.040E+00
         2.375E+00  1.755E+02  2.442E+00
         2.375E+00  1.785E+02  2.844E+00
         2.425E+00  9.150E+01  4.000E+00
         2.425E+00  9.450E+01  4.000E+00
         2.425E+00  9.750E+01  4.000E+00
         2.425E+00  1.005E+02  4.000E+00
         2.425E+00  1.035E+02  4.000E+00
         2.425E+00  1.065E+02  4.000E+00
         2.425E+00  1.095E+02  4.000E+00
         2.425E+00  1.125E+02  3.781E+00
         2.425E+00  1.155E+02  3.277E+00
         2.425E+00  1.185E+02  2.801E+00
         2.425E+00  1.215E+02  2.464E+00
         2.425E+00  1.245E+02  2.237E+00
         2.425E+00  1.275E+02  1.956E+00
         2.425E+00  1.305E+02  1.613E+00
         2.425E+00  1.335E+02  1.328E+00
         2.425E+00  1.365E+02  1.084E+00
         2.425E+00  1.395E+02  8.782E-01
         2.425E+00  1.425E+02  7.070E-01
         2.425E+00  1.455E+02  5.190E-01
         2.425E+00  1.485E+02  2.957E-01
         2.425E+00  1.515E+02  1.019E-01
         2.425E+00  1.545E+02  0.000E+00
         2.425E+00  1.575E+02  2.340E-02
         2.425E+00  1.605E+02  2.301E-01
         2.425E+00  1.635E+02  6.057E-01
         2.425E+00  1.665E+02  1.080E+00
         2.425E+00  1.695E+02  1.605E+00
         2.425E+00  1.725E+02  2.122E+00
         2.425E+00  1.755E+02  2.563E+00
         2.425E+00  1.785E+02  3.113E+00
         2.475E+00  9.150E+01  4.000E+00
         2.475E+00  9.450E+01  4.000E+00
         2.475E+00  9.750E+01  4.000E+00
         2.475E+00  1.005E+02  4.000E+00
         2.475E+00  1.035E+02  4.000E+00
         2.475E+00  1.065E+02  4.000E+00
         2.475E+00  1.095E+02  4.000E+00
         2.475E+00  1.125E+02  3.688E+00
         2.475E+00  1.155E+02  3.168E+00
         2.475E+00  1.185E+02  2.699E+00
         2.475E+00  1.215E+02  2.378E+00
         2.475E+00  1.245E+02  2.167E+00
         2.475E+00  1.275E+02  1.893E+00
         2.475E+00  1.305E+02  1.551E+00
         2.475E+00  1.335E+02  1.271E+00
         2.475E+00  1.365E+02  1.039E+00
         2.475E+00  1.395E+02  8.473E-01
         2.475E+00  1.425E+02  6.897E-01
         2.475E+00  1.455E+02  5.158E-01
         2.475E+00  1.485E+02  2.965E-01
         2.475E+00  1.515E+02  1.018E-01
         2.475E+00  1.545E+02  0.000E+00
         2.475E+00  1.575E+02  2.159E-02
         2.475E+00  1.605E+02  2.310E-01
         2.475E+00  1.635E+02  6.147E-01
         2.475E+00  1.665E+02  1.096E+00
         2.475E+00  1.695E+02  1.626E+00
         2.475E+00  1.725E+02  2.151E+00
         2.475E+00  1.755E+02  2.644E+00
         2.475E+00  1.785E+02  3.360E+00
         2.525E+00  9.150E+01  4.000E+00
         2.525E+00  9.450E+01  4.000E+00
         2.525E+00  9.750E+01  4.000E+00
         2.525E+00  1.005E+02  4.000E+00
         2.525E+00  1.035E+02  4.000E+00
         2.525E+00  1.065E+02  4.000E+00
         2.525E+00  1.095E+02  4.000E+00
         2.525E+00  1.125E+02  3.651E+00
         2.525E+00  1.155E+02  3.125E+00
         2.525E+00  1.185E+02  2.658E+00
         2.525E+00  1.215E+02  2.344E+00
         2.525E+00  1.245E+02  2.138E+00
         2.525E+00  1.275E+02  1.868E+00
         2.525E+00  1.305E+02  1.525E+00
         2.525E+00  1.335E+02  1.247E+00
         2.525E+00  1.365E+02  1.021E+00
         2.525E+00  1.395E+02  8.350E-01
         2.525E+00  1.425E+02  6.827E-01
         2.525E+00  1.455E+02  5.148E-01
         2.525E+00  1.485E+02  2.974E-01
         2.525E+00  1.515E+02  1.021E-01
         2.525E+00  1.545E+02  0.000E+00
         2.525E+00  1.575E+02  2.030E-02
         2.525E+00  1.605E+02  2.303E-01
         2.525E+00  1.635E+02  6.170E-01
         2.525E+00  1.665E+02  1.102E+00
         2.525E+00  1.695E+02  1.631E+00
         2.525E+00  1.725E+02  2.160E+00
         2.525E+00  1.755E+02  2.683E+00
         2.525E+00  1.785E+02  3.503E+00
         2.575E+00  9.150E+01  4.000E+00
         2.575E+00  9.450E+01  4.000E+00
         2.575E+00  9.750E+01  4.000E+00
         2.575E+00  1.005E+02  4.000E+00
         2.575E+00  1.035E+02  4.000E+00
         2.575E+00  1.065E+02  4.000E+00
         2.575E+00  1.095E+02  4.000E+00
         2.575E+00  1.125E+02  3.630E+00
         2.575E+00  1.155E+02  3.099E+00
         2.575E+00  1.185E+02  2.634E+00
         2.575E+00  1.215E+02  2.325E+00
         2.575E+00  1.245E+02  2.122E+00
         2.575E+00  1.275E+02  1.852E+00
         2.575E+00  1.305E+02  1.509E+00
         2.575E+00  1.335E+02  1.233E+00
         2.575E+00  1.365E+02  1.011E+00
         2.575E+00  1.395E+02  8.278E-01
         2.575E+00  1.425E+02  6.787E-01
         2.575E+00  1.455E+02  5.145E-01
         2.575E+00  1.485E+02  2.982E-01
         2.575E+00  1.515E+02  1.025E-01
         2.575E+00  1.545E+02  0.000E+00
         2.575E+00  1.575E+02  1.922E-02
         2.575E+00  1.605E+02  2.267E-01
         2.575E+00  1.635E+02  5.699E-01
         2.575E+00  1.665E+02  7.987E-01
         2.575E+00  1.695E+02  9.411E-01
         2.575E+00  1.725E+02  1.456E+00
         2.575E+00  1.755E+02  2.375E+00
         2.575E+00  1.785E+02  3.532E+00
         2.625E+00  9.150E+01  4.000E+00
         2.625E+00  9.450E+01  4.000E+00
         2.625E+00  9.750E+01  4.000E+00
         2.625E+00  1.005E+02  4.000E+00
         2.625E+00  1.035E+02  4.000E+00
         2.625E+00  1.065E+02  4.000E+00
         2.625E+00  1.095E+02  4.000E+00
         2.625E+00  1.125E+02  4.000E+00
         2.625E+00  1.155E+02  4.000E+00
         2.625E+00  1.185E+02  4.000E+00
         2.625E+00  1.215E+02  4.000E+00
         2.625E+00  1.245E+02  4.000E+00
         2.625E+00  1.275E+02  4.000E+00
         2.625E+00  1.305E+02  4.000E+00
         2.625E+00  1.335E+02  4.000E+00
         2.625E+00  1.365E+02  4.000E+00
         2.625E+00  1.395E+02  4.000E+00
         2.625E+00  1.425E+02  4.000E+00
         2.625E+00  1.455E+02  4.000E+00
         2.625E+00  1.485E+02  4.000E+00
         2.625E+00  1.515E+02  4.000E+00
         2.625E+00  1.545E+02  4.000E+00
         2.625E+00  1.575E+02  4.000E+00
         2.625E+00  1.605E+02  4.000E+00
         2.625E+00  1.635E+02  2.000E+00
         2.625E+00  1.665E+02  5.000E-01
         2.625E+00  1.695E+02  0.000E+00
         2.625E+00  1.725E+02  5.000E-01
         2.625E+00  1.755E+02  2.000E+00
         2.625E+00  1.785E+02  4.000E+00
         2.675E+00  9.150E+01  4.000E+00
         2.675E+00  9.450E+01  4.000E+00
         2.675E+00  9.750E+01  4.000E+00
         2.675E+00  1.005E+02  4.000E+00
         2.675E+00  1.035E+02  4.000E+00
         2.675E+00  1.065E+02  4.000E+00
         2.675E+00  1.095E+02  4.000E+00
         2.675E+00  1.125E+02  4.000E+00
         2.675E+00  1.155E+02  4.000E+00
         2.675E+00  1.185E+02  4.000E+00
         2.675E+00  1.215E+02  4.000E+00
         2.675E+00  1.245E+02  4.000E+00
         2.675E+00  1.275E+02  4.000E+00
         2.675E+00  1.305E+02  4.000E+00
         2.675E+00  1.335E+02  4.000E+00
         2.675E+00  1.365E+02  4.000E+00
         2.675E+00  1.395E+02  4.000E+00
         2.675E+00  1.425E+02  4.000E+00
         2.675E+00  1.455E+02  4.000E+00
         2.675E+00  1.485E+02  4.000E+00
         2.675E+00  1.515E+02  4.000E+00
         2.675E+00  1.545E+02  4.000E+00
         2.675E+00  1.575E+02  4.000E+00
         2.675E+00  1.605E+02  4.000E+00
         2.675E+00  1.635E+02  2.000E+00
         2.675E+00  1.665E+02  5.000E-01
         2.675E+00  1.695E+02  0.000E+00
         2.675E+00  1.725E+02  5.000E-01
         2.675E+00  1.755E+02  2.000E+00
         2.675E+00  1.785E+02  4.000E+00
         2.725E+00  9.150E+01  4.000E+00
         2.725E+00  9.450E+01  4.000E+00
         2.725E+00  9.750E+01  4.000E+00
         2.725E+00  1.005E+02  4.000E+00
         2.725E+00  1.035E+02  4.000E+00
         2.725E+00  1.065E+02  4.000E+00
         2.725E+00  1.095E+02  4.000E+00
         2.725E+00  1.125E+02  4.000E+00
         2.725E+00  1.155E+02  4.000E+00
         2.725E+00  1.185E+02  4.000E+00
         2.725E+00  1.215E+02  4.000E+00
         2.725E+00  1.245E+02  4.000E+00
         2.725E+00  1.275E+02  4.000E+00
         2.725E+00  1.305E+02  4.000E+00
         2.725E+00  1.335E+02  4.000E+00
         2.725E+00  1.365E+02  4.000E+00
         2.725E+00  1.395E+02  4.000E+00
         2.725E+00  1.425E+02  4.000E+00
         2.725E+00  1.455E+02  4.000E+00
         2.725E+00  1.485E+02  4.000E+00
         2.725E+00  1.515E+02  4.000E+00
         2.725E+00  1.545E+02  4.000E+00
         2.725E+00  1.575E+02  4.000E+00
         2.725E+00  1.605E+02  4.000E+00
         2.725E+00  1.635E+02  2.000E+00
         2.725E+00  1.665E+02  5.000E-01
         2.725E+00  1.695E+02  0.000E+00
         2.725E+00  1.725E+02  5.000E-01
         2.725E+00  1.755E+02  2.000E+00
         2.725E+00  1.785E+02  4.000E+00
         2.775E+00  9.150E+01  4.000E+00
         2.775E+00  9.450E+01  4.000E+00
         2.775E+00  9.750E+01  4.000E+00
         2.775E+00  1.005E+02  4.000E+00
         2.775E+00  1.035E+02  4.000E+00
         2.775E+00  1.065E+02  4.000E+00
         2.775E+00  1.095E+02  4.000E+00
         2.775E+00  1.125E+02  4.000E+00
         2.775E+00  1.155E+02  4.000E+00
         2.775E+00  1.185E+02  4.000E+00
         2.775E+00  1.215E+02  4.000E+00
         2.775E+00  1.245E+02  4.000E+00
         2.775E+00  1.275E+02  4.000E+00
         2.775E+00  1.305E+02  4.000E+00
         2.775E+00  1.335E+02  4.000E+00
         2.775E+00  1.365E+02  4.000E+00
         2.775E+00  1.395E+02  4.000E+00
         2.775E+00  1.425E+02  4.000E+00
         2.775E+00  1.455E+02  4.000E+00
         2.775E+00  1.485E+02  4.000E+00
         2.775E+00  1.515E+02  4.000E+00
         2.775E+00  1.545E+02  4.000E+00
         2.775E+00  1.575E+02  4.000E+00
         2.775E+00  1.605E+02  4.000E+00
         2.775E+00  1.635E+02  2.000E+00
         2.775E+00  1.665E+02  5.000E-01
         2.775E+00  1.695E+02  0.000E+00
         2.775E+00  1.725E+02  5.000E-01
         2.775E+00  1.755E+02  2.000E+00
         2.775E+00  1.785E+02  4.000E+00
         2.825E+00  9.150E+01  4.000E+00
         2.825E+00  9.450E+01  4.000E+00
         2.825E+00  9.750E+01  4.000E+00
         2.825E+00  1.005E+02  4.000E+00
         2.825E+00  1.035E+02  4.000E+00
         2.825E+00  1.065E+02  4.000E+00
         2.825E+00  1.095E+02  4.000E+00
         2.825E+00  1.125E+02  4.000E+00
         2.825E+00  1.155E+02  4.000E+00
         2.825E+00  1.185E+02  4.000E+00
         2.825E+00  1.215E+02  4.000E+00
         2.825E+00  1.245E+02  4.000E+00
         2.825E+00  1.275E+02  4.000E+00
         2.825E+00  1.305E+02  4.000E+00
         2.825E+00  1.335E+02  4.000E+00
         2.825E+00  1.365E+02  4.000E+00
         2.825E+00  1.395E+02  4.000E+00
         2.825E+00  1.425E+02  4.000E+00
         2.825E+00  1.455E+02  4.000E+00
         2.825E+00  1.485E+02  4.000E+00
         2.825E+00  1.515E+02  4.000E+00
         2.825E+00  1.545E+02  4.000E+00
         2.825E+00  1.575E+02  4.000E+00
         2.825E+00  1.605E+02  4.000E+00
         2.825E+00  1.635E+02  2.000E+00
         2.825E+00  1.665E+02  5.000E-01
         2.825E+00  1.695E+02  0.000E+00
         2.825E+00  1.725E+02  5.000E-01
         2.825E+00  1.755E+02  2.000E+00
         2.825E+00  1.785E+02  4.000E+00
         2.875E+00  9.150E+01  4.000E+00
         2.875E+00  9.450E+01  4.000E+00
         2.875E+00  9.750E+01  4.000E+00
         2.875E+00  1.005E+02  4.000E+00
         2.875E+00  1.035E+02  4.000E+00
         2.875E+00  1.065E+02  4.000E+00
         2.875E+00  1.095E+02  4.000E+00
         2.875E+00  1.125E+02  4.000E+00
         2.875E+00  1.155E+02  4.000E+00
         2.875E+00  1.185E+02  4.000E+00
         2.875E+00  1.215E+02  4.000E+00
         2.875E+00  1.245E+02  4.000E+00
         2.875E+00  1.275E+02  4.000E+00
         2.875E+00  1.305E+02  4.000E+00
         2.875E+00  1.335E+02  4.000E+00
         2.875E+00  1.365E+02  4.000E+00
         2.875E+00  1.395E+02  4.000E+00
         2.875E+00  1.425E+02  4.000E+00
         2.875E+00  1.455E+02  4.000E+00
         2.875E+00  1.485E+02  4.000E+00
         2.875E+00  1.515E+02  4.000E+00
         2.875E+00  1.545E+02  4.000E+00
         2.875E+00  1.575E+02  4.000E+00
         2.875E+00  1.605E+02  4.000E+00
         2.875E+00  1.635E+02  2.000E+00
         2.875E+00  1.665E+02  5.000E-01
         2.875E+00  1.695E+02  0.000E+00
         2.875E+00  1.725E+02  5.000E-01
         2.875E+00  1.755E+02  2.000E+00
         2.875E+00  1.785E+02  4.000E+00
         2.925E+00  9.150E+01  4.000E+00
         2.925E+00  9.450E+01  4.000E+00
         2.925E+00  9.750E+01  4.000E+00
         2.925E+00  1.005E+02  4.000E+00
         2.925E+00  1.035E+02  4.000E+00
         2.925E+00  1.065E+02  4.000E+00
         2.925E+00  1.095E+02  4.000E+00
         2.925E+00  1.125E+02  4.000E+00
         2.925E+00  1.155E+02  4.000E+00
         2.925E+00  1.185E+02  4.000E+00
         2.925E+00  1.215E+02  4.000E+00
         2.925E+00  1.245E+02  4.000E+00
         2.925E+00  1.275E+02  4.000E+00
         2.925E+00  1.305E+02  4.000E+00
         2.925E+00  1.335E+02  4.000E+00
         2.925E+00  1.365E+02  4.000E+00
         2.925E+00  1.395E+02  4.000E+00
         2.925E+00  1.425E+02  4.000E+00
         2.925E+00  1.455E+02  4.000E+00
         2.925E+00  1.485E+02  4.000E+00
         2.925E+00  1.515E+02  4.000E+00
         2.925E+00  1.545E+02  4.000E+00
         2.925E+00  1.575E+02  4.000E+00
         2.925E+00  1.605E+02  4.000E+00
         2.925E+00  1.635E+02  2.000E+00
         2.925E+00  1.665E+02  5.000E-01
         2.925E+00  1.695E+02  0.000E+00
         2.925E+00  1.725E+02  5.000E-01
         2.925E+00  1.755E+02  2.000E+00
         2.925E+00  1.785E+02  4.000E+00
         2.975E+00  9.150E+01  4.000E+00
         2.975E+00  9.450E+01  4.000E+00
         2.975E+00  9.750E+01  4.000E+00
         2.975E+00  1.005E+02  4.000E+00
         2.975E+00  1.035E+02  4.000E+00
         2.975E+00  1.065E+02  4.000E+00
         2.975E+00  1.095E+02  4.000E+00
         2.975E+00  1.125E+02  4.000E+00
         2.975E+00  1.155E+02  4.000E+00
         2.975E+00  1.185E+02  4.000E+00
         2.975E+00  1.215E+02  4.000E+00
         2.975E+00  1.245E+02  4.000E+00
         2.975E+00  1.275E+02  4.000E+00
         2.975E+00  1.305E+02  4.000E+00
         2.975E+00  1.335E+02  4.000E+00
         2.975E+00  1.365E+02  4.000E+00
         2.975E+00  1.395E+02  4.000E+00
         2.975E+00  1.425E+02  4.000E+00
         2.975E+00  1.455E+02  4.000E+00
         2.975E+00  1.485E+02  4.000E+00
         2.975E+00  1.515E+02  4.000E+00
         2.975E+00  1.545E+02  4.000E+00
         2.975E+00  1.575E+02  4.000E+00
         2.975E+00  1.605E+02  4.000E+00
         2.975E+00  1.635E+02  4.000E+00
         2.975E+00  1.665E+02  4.000E+00
         2.975E+00  1.695E+02  4.000E+00
         2.975E+00  1.725E+02  4.000E+00
         2.975E+00  1.755E+02  4.000E+00
         2.975E+00  1.785E+02  4.000E+00
