                        C        CH       CH2       CH3         N        NH       NH2       NH3         O        OH         S        SH         P 
 0.000000E+00    0.508240 -0.211960 -0.932160  0.000000  6.162940  5.442740  4.722540  0.000000  4.949980  4.229780  0.000000  0.000000 13.085480
 3.978200E-02    0.511666 -0.206398 -0.924054  0.000000  6.162230  5.442684  4.723741  0.000000  4.950830  4.232108  0.000000  0.000000 13.083964
 4.956400E-02    0.513556 -0.203330 -0.919582  0.000000  6.161837  5.442652  4.724404  0.000000  4.951299  4.233392  0.000000  0.000000 13.083127
 5.934600E-02    0.515859 -0.199592 -0.914135  0.000000  6.161359  5.442614  4.725211  0.000000  4.951870  4.234957  0.000000  0.000000 13.082107
 6.912800E-02    0.518574 -0.195186 -0.907716  0.000000  6.160795  5.442569  4.726163  0.000000  4.952544  4.236802  0.000000  0.000000 13.080904
 7.891000E-02    0.521700 -0.190115 -0.900328  0.000000  6.160146  5.442517  4.727258  0.000000  4.953320  4.238925  0.000000  0.000000 13.079519
 8.869200E-02    0.525235 -0.184379 -0.891974  0.000000  6.159410  5.442457  4.728497  0.000000  4.954197  4.241327  0.000000  0.000000 13.077951
 9.847000E-02    0.529177 -0.177985 -0.882662  0.000000  6.158590  5.442391  4.729877  0.000000  4.955176  4.244006  0.000000  0.000000 13.076202
 1.082600E-01    0.533532 -0.170923 -0.872381  0.000000  6.157683  5.442317  4.731401  0.000000  4.956256  4.246964  0.000000  0.000000 13.074269
 1.180400E-01    0.538287 -0.163213 -0.861157  0.000000  6.156691  5.442235  4.733066  0.000000  4.957437  4.250195  0.000000  0.000000 13.072156
 1.278200E-01    0.543447 -0.154850 -0.848987  0.000000  6.155613  5.442146  4.734870  0.000000  4.958718  4.253699  0.000000  0.000000 13.069863
 1.376000E-01    0.549009 -0.145839 -0.835875  0.000000  6.154451  5.442049  4.736815  0.000000  4.960099  4.257477  0.000000  0.000000 13.067388
 1.473800E-01    0.554970 -0.136182 -0.821829  0.000000  6.153203  5.441944  4.738898  0.000000  4.961579  4.261526  0.000000  0.000000 13.064733
 1.571800E-01    0.561343 -0.125862 -0.806823  0.000000  6.151868  5.441831  4.741124  0.000000  4.963161  4.265854  0.000000  0.000000 13.061893
 1.669400E-01    0.568086 -0.114948 -0.790958  0.000000  6.150452  5.441710  4.743478  0.000000  4.964836  4.270433  0.000000  0.000000 13.058885
 1.767200E-01    0.575235 -0.103380 -0.774149  0.000000  6.148950  5.441581  4.745972  0.000000  4.966611  4.275287  0.000000  0.000000 13.055692
 1.865000E-01    0.582775 -0.091184 -0.756433  0.000000  6.147362  5.441442  4.748600  0.000000  4.968484  4.280407  0.000000  0.000000 13.052321
 1.962800E-01    0.590703 -0.078365 -0.737819  0.000000  6.145690  5.441295  4.751363  0.000000  4.970454  4.285789  0.000000  0.000000 13.048771
 2.060600E-01    0.599017 -0.064929 -0.718317  0.000000  6.143933  5.441139  4.754257  0.000000  4.972520  4.291433  0.000000  0.000000 13.045045
 2.158400E-01    0.607714 -0.050880 -0.697935  0.000000  6.142092  5.440974  4.757283  0.000000  4.974681  4.297336  0.000000  0.000000 13.041142
 2.256200E-01    0.616791 -0.036226 -0.676683  0.000000  6.140167  5.440799  4.760438  0.000000  4.976937  4.303497  0.000000  0.000000 13.037063
 2.354000E-01    0.626244 -0.020970 -0.654570  0.000000  6.138158  5.440614  4.763722  0.000000  4.979287  4.309912  0.000000  0.000000 13.032809
 2.451800E-01    0.636071 -0.005121 -0.631607  0.000000  6.136065  5.440419  4.767132  0.000000  4.981730  4.316580  0.000000  0.000000 13.028380
 2.549600E-01    0.646268  0.011316 -0.607804  0.000000  6.133888  5.440214  4.770668  0.000000  4.984266  4.323498  0.000000  0.000000 13.023778
 2.647200E-01    0.656809  0.028299 -0.583224  0.000000  6.131632  5.439999  4.774319  0.000000  4.986888  4.330648  0.000000  0.000000 13.019012
 2.745200E-01    0.667758  0.045927 -0.557724  0.000000  6.129283  5.439772  4.778108  0.000000  4.989611  4.338074  0.000000  0.000000 13.014054
 2.842800E-01    0.679020  0.064049 -0.531525  0.000000  6.126861  5.439535  4.782002  0.000000  4.992413  4.345712  0.000000  0.000000 13.008945
 2.940800E-01    0.690684  0.082807 -0.504423  0.000000  6.124346  5.439285  4.786030  0.000000  4.995316  4.353621  0.000000  0.000000 13.003644
 3.038200E-01    0.702627  0.101998 -0.476710  0.000000  6.121764  5.439026  4.790149  0.000000  4.998288  4.361717  0.000000  0.000000 12.998206
 3.136200E-01    0.714991  0.121854 -0.448057  0.000000  6.119083  5.438752  4.794409  0.000000  5.001366  4.370098  0.000000  0.000000 12.992566
 3.233800E-01    0.727647  0.142163 -0.418767  0.000000  6.116331  5.438467  4.798765  0.000000  5.004517  4.378675  0.000000  0.000000 12.986781
 3.331800E-01    0.740694  0.163086 -0.388614  0.000000  6.113485  5.438168  4.803249  0.000000  5.007766  4.387516  0.000000  0.000000 12.980804
 3.429200E-01    0.753995  0.184398 -0.357921  0.000000  6.110575  5.437858  4.807815  0.000000  5.011079  4.396526  0.000000  0.000000 12.974699
 3.527200E-01    0.767707  0.206353 -0.326323  0.000000  6.107565  5.437533  4.812515  0.000000  5.014495  4.405814  0.000000  0.000000 12.968391
 3.624800E-01    0.781689  0.228721 -0.294156  0.000000  6.104487  5.437195  4.817301  0.000000  5.017979  4.415282  0.000000  0.000000 12.961945
 3.722600E-01    0.796019  0.251628 -0.261237  0.000000  6.101320  5.436842  4.822200  0.000000  5.021550  4.424985  0.000000  0.000000 12.955323
 3.820200E-01    0.810635  0.274972 -0.227717  0.000000  6.098080  5.436475  4.827189  0.000000  5.025194  4.434878  0.000000  0.000000 12.948552
 3.918000E-01    0.825592  0.298839 -0.193473  0.000000  6.094752  5.436093  4.832286  0.000000  5.028923  4.445000  0.000000  0.000000 12.941607
 4.015800E-01    0.840855  0.323173 -0.158588  0.000000  6.091344  5.435695  4.837479  0.000000  5.032729  4.455326  0.000000  0.000000 12.934502
 4.113200E-01    0.856354  0.347861 -0.123225  0.000000  6.087870  5.435282  4.842744  0.000000  5.036595  4.465810  0.000000  0.000000 12.927268
 4.211200E-01    0.872245  0.373149 -0.087033  0.000000  6.084294  5.434851  4.848133  0.000000  5.040560  4.476556  0.000000  0.000000 12.919831
 4.308800E-01    0.888361  0.398771 -0.050396  0.000000  6.080654  5.434406  4.853589  0.000000  5.044581  4.487452  0.000000  0.000000 12.912268
 4.406400E-01    0.904761  0.424819 -0.013184  0.000000  6.076934  5.433943  4.859131  0.000000  5.048675  4.498536  0.000000  0.000000 12.904551
 4.504200E-01    0.921474  0.451337  0.024665  0.000000  6.073128  5.433461  4.864768  0.000000  5.052847  4.509829  0.000000  0.000000 12.896664
 4.601800E-01    0.938427  0.478207  0.062980  0.000000  6.069251  5.432963  4.870475  0.000000  5.057080  4.521281  0.000000  0.000000 12.888640
 4.699400E-01    0.955647  0.505472  0.101821  0.000000  6.065296  5.432446  4.876261  0.000000  5.061381  4.532909  0.000000  0.000000 12.880466
 4.797200E-01    0.973166  0.533179  0.141252  0.000000  6.061254  5.431910  4.882134  0.000000  5.065757  4.544736  0.000000  0.000000 12.872124
 4.894800E-01    0.990905  0.561205  0.181097  0.000000  6.057143  5.431355  4.888070  0.000000  5.070189  4.556707  0.000000  0.000000 12.863650
 4.992200E-01    1.008858  0.589536  0.221333  0.000000  6.052964  5.430781  4.894064  0.000000  5.074676  4.568818  0.000000  0.000000 12.855047
 5.090200E-01    1.027167  0.618396  0.262278  0.000000  6.048681  5.430184  4.900163  0.000000  5.079252  4.581166  0.000000  0.000000 12.846245
 5.187800E-01    1.045642  0.647482  0.303499  0.000000  6.044339  5.429569  4.906303  0.000000  5.083871  4.593621  0.000000  0.000000 12.837333
 5.285200E-01    1.064311  0.676839  0.345057  0.000000  6.039930  5.428933  4.912493  0.000000  5.088539  4.606202  0.000000  0.000000 12.828297
 5.382800E-01    1.083245  0.706576  0.387107  0.000000  6.035436  5.428275  4.918756  0.000000  5.093274  4.618957  0.000000  0.000000 12.819100
 5.480800E-01    1.102479  0.736747  0.429720  0.000000  6.030848  5.427591  4.925102  0.000000  5.098085  4.631908  0.000000  0.000000 12.809724
 5.578200E-01    1.121810  0.767031  0.472443  0.000000  6.026212  5.426889  4.931463  0.000000  5.102921  4.644920  0.000000  0.000000 12.800266
 5.675800E-01    1.141390  0.797664  0.515607  0.000000  6.021492  5.426163  4.937890  0.000000  5.107821  4.658094  0.000000  0.000000 12.790651
 5.773200E-01    1.161131  0.828509  0.559018  0.000000  6.016708  5.425414  4.944351  0.000000  5.112761  4.671370  0.000000  0.000000 12.780920
 5.870800E-01    1.181110  0.859683  0.602836  0.000000  6.011839  5.424640  4.950872  0.000000  5.117762  4.684800  0.000000  0.000000 12.771034
                      215       432        76         0       192        38        62         0       452        76         0         0        75
                        1         2         3         4         5         6         7         8         9        10        11        12        13
