qProtL_13_bsub	rProtL_13_bsub	sProtL_13_bsub
0.00669105679885462	203.330422205023	21.5893678402098
0.00691887618820057	188.172585905156	17.7915810063146
0.0071544524344168	180.320614385909	13.0287016305812
0.00739804964344082	171.490543580499	10.9459522548269
0.00764994091333131	161.463604205652	9.12692321942762
0.0079104086404081	155.070657045898	9.11330479173547
0.00817974483581283	145.76849330012	8.61068894223932
0.00845825145284491	135.801698659624	7.27548868308331
0.00874624072543909	127.121528860192	6.9059408680948
0.0090440355181639	122.442528843817	6.4266669252254
0.00935196968813266	115.315523416624	5.90734760768461
0.00967038845923212	109.357990786201	5.43525612275081
0.00999964880908792	103.401902693172	5.00482284258645
0.0103401198691997	100.201303943349	4.32916517359792
0.0106921833386937	93.4570913829673	4.21251955450041
0.011056233912156	86.5608623948377	3.86022363625772
0.0114326797220252	82.2793793417629	3.67422945033743
0.0118219427960384	77.6724968701292	3.30067433357224
0.0122244595302437	74.4465710986078	3.10067586847455
0.0126406811781075	72.9668991482369	2.9556382412999
0.0130710743562623	69.5396011066532	2.6210466170697
0.0135161215674632	65.628114326671	2.61650749623547
0.0139763217413341	61.6105984208741	2.34373409560498
0.0144521907935109	58.2528100637155	2.26440367159539
0.0149442622038049	56.1201936051442	2.01826108643063
0.0154530876140318	54.8745485560296	1.99044929778659
0.0159792374461753	52.9150081427272	1.8485317416762
0.0165233015415737	51.0958493016179	1.71051870210094
0.0170858898218446	49.5138077745731	1.65943193314145
0.0176676329722831	47.0432650654668	1.55040206291691
0.0182691831484974	46.1998682191582	1.46756055077488
0.0188912147070688	44.4184969293827	1.38200521949009
0.0195344249610503	43.1734854593761	1.32456753283347
0.0201995349611452	42.5591368887183	1.24564446975901
0.020887290303437	40.4636950581358	1.19336728433408
0.0215984619645668	39.2713414610419	1.16112879131126
0.0223338471652904	38.5743426813828	1.09217689047202
0.0230942702633726	38.2575247338025	1.03999379346643
0.0238805836768122	37.3038789410024	1.00103096634637
0.0246936688384222	36.3582673824506	0.963577581576581
0.0255344371828254	35.1894453339671	0.898183874305853
0.0264038311669584	34.6601558911975	0.867965587667908
0.0273028253252161	33.7859898636446	0.847712073207841
0.0282324273604041	33.2848454522863	0.818623543072575
0.0291936792717063	32.4952178127193	0.758841565106783
0.0301876585209134	31.6705909107837	0.756888042169577
0.0312154792382012	31.2962691990388	0.734380361087259
0.0322782934687869	30.4483471058666	0.720652445246857
0.0333772924618377	29.6281704937248	0.705781095118806
0.0345137080030496	28.7981159857669	0.706113950577789
0.03568881379236	28.2857243986306	0.693068031153687
0.0369039268683067	28.0071669518606	0.671479910302851
0.0381604090805925	27.2139749951062	0.661745365551181
0.0394596686124675	26.30674192085	0.647999821913202
0.0408031615545895	25.8896266559081	0.634736931342038
0.0421923935320799	25.7927382907753	0.606558601715099
0.0436289213865426	24.8343879063038	0.596788283686389
0.0451143549148729	23.9193489257324	0.583279927838552
0.046650358666739	23.2345725641797	0.567416822799634
0.0482386538026773	22.3352305149959	0.554402857112168
0.0498810200148033	21.8849277996359	0.531857574196834
0.051579297512202	21.164146485194	0.526249207170835
0.0533353890731239	20.9545748090466	0.507702433776307
0.0551512621661772	19.8976903548132	0.492234434342366
0.0570289511427736	19.3032825315661	0.479245944987192
0.0589705595031499	18.5561685377668	0.466310027652192
0.0609782622383591	17.8370773673327	0.454229263902941
0.063054308250691	17.6585528174345	0.441593506810864
0.065201022855055	16.5430502704633	0.430656918768544
0.0674208103639285	15.8205745920084	0.415989958368708
0.0697161567585479	15.7101893369888	0.40618222652762
0.0720896324490903	14.7904894940205	0.394345424201012
0.0745438951266702	13.954415362538	0.382813138900324
0.0770816927100489	13.4647794006029	0.369946908826099
0.0797058663900289	12.8545375933638	0.361782821396882
0.0824193537745794	11.9970267248428	0.351180457251787
0.085225192137816	11.6437287039982	0.340370975525491
0.0881265217760273	11.2111076406891	0.331144609862958
0.0911265894740183	10.3768794325599	0.321084086803234
0.0942287520851093	10.1015548331833	0.313242348937087
0.0974364802281996	9.70519462459026	0.303014777411607
0.100753362105373	9.00871569936439	0.295615882354092
0.104183107443586	8.3295896116005	0.286395812533277
0.107729551564047	8.06540202468319	0.278377139497598
0.111396659582939	7.68493071854098	0.271944972803247
0.115188530747203	7.46156011348327	0.263018005866679
0.119109402909147	7.05832682059739	0.256710174336082
0.123163657143671	7.00089486067202	0.249903016684049
0.127355822511942	6.77970549556146	0.242289842336423
0.131690580975384	6.29877475394645	0.236006336076145
0.136172772463836	5.9331467993993	0.229317636224459
0.140807400101751	5.59505191780001	0.223460041325172
0.145599635596299	5.50918350534914	0.217214849676485
0.150554824791186	5.2163702721821	0.211402648623723
0.155678493389986	4.94977871631509	0.205963583050012
0.16097635285268	4.829669026913	0.200407168592829
0.166454306469052	4.68316053815592	0.195552831372746
0.172118455612431	4.41198489277537	0.190397000592539
0.17797510617717	4.17523410859476	0.185622834888337
0.184030775203037	4.13844563763881	0.181014535951125
0.190292197689525	4.19487973265723	0.176752473961533
0.196766333602804	3.91706935885203	0.172799009524976
0.203460375077763	3.75002034520652	0.168737173437395
0.210381753817241	3.75596210478675	0.168530198684318
0.217538148690143	3.78743561541796	0.166829143971057
0.224937493529682	3.62055952655238	0.166535783866435
0.232587985132458	3.57193256544269	0.160412308670228
0.240498091458472	3.72115356897244	0.155533087857779
0.248676560031486	3.42518806076231	0.151390271936975
0.257132426538374	3.39892921387631	0.150537289854277
0.265875023625178	3.44582850253072	0.153029362068577
0.27491398988664	3.46960681160765	0.161696842807353
0.284259279044797	3.27446657165424	0.166573269773995
0.293921169311002	3.05957580468602	0.172008296854622
0.303910272924274	3.12822400410452	0.180596641809683
0.314237545857332	3.10507220351718	0.19782471049512
0.324914297679842	3.23158295675303	0.213263362447866
0.335952201566464	3.35110896614823	0.227964565503069
0.347363304435056	3.53799252154785	0.302851515311102
0.359160037197935	-3.10834387389302	23.2897959224038
