qProtL_1_bsub	rProtL_1_bsub	sProtL_1_bsub
0.00669105679885462	37.009910345151	10.2751141941685
0.00691887618820057	34.8550709287894	8.46571456156528
0.0071544524344168	36.7620126904442	6.18731203798226
0.00739804964344082	36.2014057740986	5.218971324314
0.00764994091333131	36.1903967150396	4.33744789260335
0.0079104086404081	37.2501572084675	4.33941978235643
0.00817974483581283	36.2499328590789	4.10721269947782
0.00845825145284491	36.6116133112839	3.46515709877658
0.00874624072543909	35.9378341452738	3.29051126162058
0.0090440355181639	33.7988340532361	3.05877398546897
0.00935196968813266	33.4008710272759	2.81926072788146
0.00967038845923212	33.8540412426969	2.58558997514869
0.00999964880908792	33.6642650553854	2.38609500792948
0.0103401198691997	33.6683928075001	2.06511953625455
0.0106921833386937	32.6939042718524	2.01031806643151
0.011056233912156	32.0258374180013	1.84325360536568
0.0114326797220252	31.7905558393563	1.75778934544056
0.0118219427960384	31.4682905864061	1.57886724628637
0.0122244595302437	30.667465064522	1.48439915742604
0.0126406811781075	31.2136897470542	1.41656917913583
0.0130710743562623	30.9752983548711	1.2594018016581
0.0135161215674632	30.5208294567399	1.25982148043571
0.0139763217413341	30.7756924150181	1.12964184825309
0.0144521907935109	30.4036563239764	1.09359196598659
0.0149442622038049	29.67742607076	0.975266248233808
0.0154530876140318	30.1318796207502	0.963825710615106
0.0159792374461753	30.1582844963955	0.898205035417545
0.0165233015415737	29.617860256881	0.829862790922775
0.0170858898218446	29.0055902723625	0.807687163859722
0.0176676329722831	28.5281493597238	0.756544842498969
0.0182691831484974	28.5722997795592	0.716786209246835
0.0188912147070688	28.6586688008569	0.675649350074763
0.0195344249610503	28.9056848968884	0.649910888547017
0.0201995349611452	28.2212291603889	0.611977540421034
0.020887290303437	28.2050562616128	0.587812734463196
0.0215984619645668	27.8389977951009	0.5729795512456
0.0223338471652904	27.6860058167337	0.538713640437924
0.0230942702633726	27.5701681236343	0.513752901047552
0.0238805836768122	27.7424924696728	0.495531829422742
0.0246936688384222	27.2502258746637	0.477629613271281
0.0255344371828254	26.990392727796	0.445588145502427
0.0264038311669584	27.1294392649092	0.431029698557536
0.0273028253252161	26.699755206817	0.422043212072293
0.0282324273604041	26.6053992733069	0.408419339703629
0.0291936792717063	26.6397535327277	0.37892072532394
0.0301876585209134	26.2566331748626	0.3782772104741
0.0312154792382012	26.2593863995158	0.367654711975945
0.0322782934687869	26.209112347931	0.361071273387946
0.0333772924618377	26.1856927686318	0.353960159112674
0.0345137080030496	25.6814672249129	0.354584320125279
0.03568881379236	25.6484728290086	0.348643983113751
0.0369039268683067	25.4646172575043	0.337917198711662
0.0381604090805925	25.1936022040231	0.333235553656151
0.0394596686124675	25.056904536749	0.327127141726217
0.0408031615545895	24.7313412872513	0.320672075947208
0.0421923935320799	24.4555122038375	0.306328042120585
0.0436289213865426	24.2164750819023	0.301295796289427
0.0451143549148729	24.1159080063704	0.295299113176312
0.046650358666739	23.909671458714	0.287785111762603
0.0482386538026773	23.4547192831032	0.28142511250574
0.0498810200148033	23.1001860647992	0.270215086122388
0.051579297512202	23.0134654259362	0.267702566443261
0.0533353890731239	22.8139273682977	0.258598648355569
0.0551512621661772	22.5365147161767	0.251130215290399
0.0570289511427736	22.2657984981018	0.244557721328068
0.0589705595031499	21.8011500367015	0.238318018344225
0.0609782622383591	21.5819563433444	0.232295378300028
0.063054308250691	20.9838093209184	0.22570794066086
0.065201022855055	20.6276818540559	0.220221577002133
0.0674208103639285	20.2752063252484	0.213055511100007
0.0697161567585479	20.109480541813	0.20827200998059
0.0720896324490903	19.4407751467656	0.202303014738138
0.0745438951266702	19.0560216791214	0.196520539647615
0.0770816927100489	18.5946272283056	0.190005195501791
0.0797058663900289	18.2172709377809	0.185608000133203
0.0824193537745794	17.9141309686786	0.180431076166812
0.085225192137816	17.2124681238951	0.174973927381959
0.0881265217760273	16.800518117464	0.170167205602766
0.0911265894740183	16.2963489007997	0.165202183650805
0.0942287520851093	15.9846982260837	0.160832035203238
0.0974364802281996	15.4641060734587	0.155654139095836
0.100753362105373	14.8554484554302	0.151815827029235
0.104183107443586	14.2825370717087	0.146923385052516
0.107729551564047	13.7454645342687	0.142632211166505
0.111396659582939	13.2201975553644	0.139203631219918
0.115188530747203	12.6457433737539	0.134403882262849
0.119109402909147	12.1843041329274	0.131112016598629
0.123163657143671	11.384354155805	0.127398729098744
0.127355822511942	10.9856955272048	0.123374145563799
0.131690580975384	10.3393244517038	0.12000143520599
0.136172772463836	9.83234044836695	0.11636166168394
0.140807400101751	9.28741759749448	0.113252382980809
0.145599635596299	8.61509513596228	0.109847548800844
0.150554824791186	8.14381344870768	0.106681348558734
0.155678493389986	7.55247499497864	0.103692982146895
0.16097635285268	7.07386641835249	0.100730094638149
0.166454306469052	6.4935538622164	0.097957494208053
0.172118455612431	5.98771176548944	0.0951270788699639
0.17797510617717	5.45450760677626	0.0925047167535524
0.184030775203037	5.02356962418504	0.0898790559397964
0.190292197689525	4.62250404223836	0.0875023329389071
0.196766333602804	4.24063296962974	0.0852698713707103
0.203460375077763	3.8526446323055	0.0829976097111303
0.210381753817241	3.48927562181875	0.0825013989810602
0.217538148690143	3.20919138440382	0.0813405003666588
0.224937493529682	2.89156686064368	0.0810055102487682
0.232587985132458	2.66620007972038	0.077840580295625
0.240498091458472	2.38018014154038	0.0751230037816362
0.248676560031486	2.14848505911321	0.0727481307384974
0.257132426538374	2.03564617750632	0.0719624240293001
0.265875023625178	1.85180851867419	0.0730347887600262
0.27491398988664	1.74912110278906	0.0774341088710702
0.284259279044797	1.57206989531392	0.0796786107356084
0.293921169311002	1.54927356255774	0.0821136121180218
0.303910272924274	1.42636572669568	0.085977499212802
0.314237545857332	1.3266461501474	0.0940039578978399
0.324914297679842	1.23035034369569	0.100796508988704
0.335952201566464	1.17223383825844	0.106488608951602
0.347363304435056	1.11832657124204	0.139470664767616
0.359160037197935	2.88263823166288	10.5168319254148
