qProtL_5_bsub	rProtL_5_bsub	sProtL_5_bsub
0.00669105679885462	173.205326859679	13.1047288363168
0.00691887618820057	167.056188543432	10.8079798081919
0.0071544524344168	154.979530489121	7.89345474300853
0.00739804964344082	142.327494882641	6.6571590641583
0.00764994091333131	133.162284580039	5.53127397703631
0.0079104086404081	123.758314472055	5.52721423585399
0.00817974483581283	120.093970156037	5.23691386345461
0.00845825145284491	111.144362557986	4.41378172273316
0.00874624072543909	104.013928597506	4.19252794293737
0.0090440355181639	100.340577818429	3.89740215881338
0.00935196968813266	94.145435243075	3.59557958963041
0.00967038845923212	89.9622775317592	3.30385599473059
0.00999964880908792	83.6536555146581	3.04414888681192
0.0103401198691997	79.500453596379	2.63620518016582
0.0106921833386937	77.2179138720329	2.56798217914104
0.011056233912156	73.121891806293	2.35495679443279
0.0114326797220252	70.0615860393007	2.24676282947099
0.0118219427960384	67.9491364210696	2.02272075490879
0.0122244595302437	65.2461619528478	1.90316860560521
0.0126406811781075	63.0578839054461	1.81594219352963
0.0130710743562623	61.0035340883219	1.61547491029452
0.0135161215674632	60.6673776686359	1.61920006541631
0.0139763217413341	57.876029316032	1.45295666193883
0.0144521907935109	56.9699161806483	1.40768861774322
0.0149442622038049	55.3459261778961	1.2550013829575
0.0154530876140318	53.9570640381929	1.24023818385494
0.0159792374461753	53.606839420607	1.15610055458211
0.0165233015415737	52.1844961747181	1.06969839388023
0.0170858898218446	51.4933489340469	1.04236975727714
0.0176676329722831	50.5017759639421	0.975803384741337
0.0182691831484974	49.6040426275434	0.92495649721323
0.0188912147070688	48.5599385789332	0.871224999497619
0.0195344249610503	48.0287768054264	0.839157393289264
0.0201995349611452	47.6118462623125	0.791285998586425
0.020887290303437	46.8577596354011	0.759558049473469
0.0215984619645668	45.8646413975308	0.74039835587635
0.0223338471652904	44.7622758358948	0.695997743384368
0.0230942702633726	44.7784760055352	0.663611559276924
0.0238805836768122	44.0905332991552	0.640410319650755
0.0246936688384222	43.0342518933165	0.616757739389495
0.0255344371828254	42.7841473734093	0.575141918955121
0.0264038311669584	41.987823870295	0.555693990050659
0.0273028253252161	41.6686745234061	0.544331806946349
0.0282324273604041	40.7511531708759	0.525666388452327
0.0291936792717063	40.1348155215233	0.487750417529875
0.0301876585209134	39.5214412903998	0.486864097740034
0.0312154792382012	38.7049318162517	0.472794318610953
0.0322782934687869	38.38937350871	0.464176078173518
0.0333772924618377	37.5064208532612	0.454730558491691
0.0345137080030496	36.83714517084	0.455112735163114
0.03568881379236	36.2432976727184	0.446938055904324
0.0369039268683067	35.5640518091079	0.432654313405572
0.0381604090805925	34.8489590250576	0.426460768878662
0.0394596686124675	34.3495931784196	0.418209905401486
0.0408031615545895	33.5678329064904	0.409729768557572
0.0421923935320799	32.9554822099505	0.390981831748124
0.0436289213865426	31.9435831536158	0.38443474360319
0.0451143549148729	31.4596106070231	0.375899575658769
0.046650358666739	30.5022497012128	0.365939820770855
0.0482386538026773	30.0594529918311	0.357724101185895
0.0498810200148033	29.0246054646351	0.342829829538666
0.051579297512202	28.3550802301584	0.339180075840711
0.0533353890731239	27.7688231370717	0.327295766033093
0.0551512621661772	26.6696858529482	0.317281706315985
0.0570289511427736	25.9128770067528	0.308669187944287
0.0589705595031499	25.0815442698299	0.300617645383361
0.0609782622383591	24.024787347578	0.292436318952706
0.063054308250691	23.5673907847106	0.283977537177242
0.065201022855055	22.6561200739208	0.277029838876106
0.0674208103639285	21.8083178959583	0.267438743264347
0.0697161567585479	21.0755819176801	0.261174143065981
0.0720896324490903	20.2037071625477	0.25348488505791
0.0745438951266702	19.2554180817765	0.246019840086766
0.0770816927100489	18.5849505850016	0.237563834394469
0.0797058663900289	17.79553374148	0.232028853763454
0.0824193537745794	17.0415657425085	0.22514690131832
0.085225192137816	16.1955579900395	0.218331605729968
0.0881265217760273	15.5831410073079	0.212259840844307
0.0911265894740183	14.9262724282426	0.205955922368258
0.0942287520851093	14.3208322226241	0.200470276553901
0.0974364802281996	13.4339074251531	0.19395846330394
0.100753362105373	12.7604882827759	0.18911654913149
0.104183107443586	12.1794497093735	0.183101266951462
0.107729551564047	11.6491799871686	0.17776228553507
0.111396659582939	11.0270125125518	0.17351947141244
0.115188530747203	10.4833970542463	0.167465313991557
0.119109402909147	10.2031964643714	0.163558790500683
0.123163657143671	9.54870358168588	0.158963729496474
0.127355822511942	9.2299503166805	0.154047196150477
0.131690580975384	8.69051223181268	0.149975238348624
0.136172772463836	8.15897023967644	0.145530905632037
0.140807400101751	7.7737233695737	0.141695616009182
0.145599635596299	7.22271690636849	0.137601407396922
0.150554824791186	6.87068045672297	0.133733725426412
0.155678493389986	6.58549566147802	0.130124943854986
0.16097635285268	6.32080401577923	0.126536332603376
0.166454306469052	6.05776369713101	0.123203771658773
0.172118455612431	5.61706836805836	0.119774262058168
0.17797510617717	5.44011945675703	0.116578419546157
0.184030775203037	5.23829689573621	0.113421724780644
0.190292197689525	4.950890325416	0.11054191585229
0.196766333602804	4.57133517361602	0.107834107078517
0.203460375077763	4.50773118681821	0.105116055982984
0.210381753817241	4.26611162447851	0.104625211478921
0.217538148690143	4.07239057816805	0.103264594472169
0.224937493529682	3.8749107951265	0.102930558180552
0.232587985132458	3.7265383201288	0.0989669933461376
0.240498091458472	3.53752659877006	0.095658970033794
0.248676560031486	3.40042357935765	0.0927313481417052
0.257132426538374	3.24176709150277	0.0918163461558842
0.265875023625178	3.24243572852495	0.0932702511668811
0.27491398988664	3.08980987647904	0.0988554770301084
0.284259279044797	2.94944594394046	0.101766442273563
0.293921169311002	2.93201901773436	0.104931915514943
0.303910272924274	2.90009153766893	0.10991190639269
0.314237545857332	2.69679258409258	0.120206927647226
0.324914297679842	2.66109991242799	0.129046517288585
0.335952201566464	2.78980647773002	0.136662040314806
0.347363304435056	2.51687420903205	0.179654550468278
0.359160037197935	5.93687365069046	13.7573307885609
