qProtL_3_bsub	rProtL_3_bsub	sProtL_3_bsub
0.00669105679885462	53.8656485083509	11.5711889301993
0.00691887618820057	54.3812948835309	9.53101672624495
0.0071544524344168	52.4670746046694	6.97611207174065
0.00739804964344082	51.1170716062094	5.88744441862885
0.00764994091333131	50.9572337250446	4.89306253086437
0.0079104086404081	51.2437940245375	4.88934862291367
0.00817974483581283	50.8192385112383	4.63313319424566
0.00845825145284491	50.1532111546132	3.90669789224039
0.00874624072543909	47.2650099933502	3.71379565801109
0.0090440355181639	46.2403094930863	3.45418552828331
0.00935196968813266	45.7641323782515	3.18200197875739
0.00967038845923212	46.676374777877	2.92333065757998
0.00999964880908792	46.3836316640278	2.6956498660464
0.0103401198691997	45.1027487537427	2.3336136861103
0.0106921833386937	44.5530101823066	2.27234452926645
0.011056233912156	44.6897739724745	2.08464570814326
0.0114326797220252	43.9936747425508	1.99004240486829
0.0118219427960384	43.7271211394258	1.78979768550454
0.0122244595302437	43.468380324042	1.68344407481581
0.0126406811781075	43.0128862120671	1.6076539479824
0.0130710743562623	41.6709524781011	1.42923336582
0.0135161215674632	42.0995778384696	1.43170400308603
0.0139763217413341	41.6728012769276	1.28340903336099
0.0144521907935109	41.3458709001236	1.24314030667304
0.0149442622038049	40.6772316303226	1.10898505526215
0.0154530876140318	40.2700643101555	1.09578511639999
0.0159792374461753	40.2066980792626	1.02098556354019
0.0165233015415737	39.7192973364306	0.944622433962735
0.0170858898218446	38.9691378997132	0.919543141015361
0.0176676329722831	39.1326685448018	0.862368901958717
0.0182691831484974	38.3037320470342	0.816912753305883
0.0188912147070688	38.1960895213348	0.770164128085238
0.0195344249610503	37.6429687277574	0.740801685226965
0.0201995349611452	37.1914130011296	0.69769962972788
0.020887290303437	37.2560945309829	0.670390339405474
0.0215984619645668	37.1434036426893	0.653234355526216
0.0223338471652904	36.6135184525756	0.614535791102699
0.0230942702633726	36.2380375302599	0.58572398139202
0.0238805836768122	35.9833185911403	0.565318504110112
0.0246936688384222	35.4391682950491	0.5451885045106
0.0255344371828254	35.420590647817	0.508793913997883
0.0264038311669584	35.3098523730693	0.491876392328074
0.0273028253252161	34.7651185522252	0.481946570722501
0.0282324273604041	34.7270848450157	0.465710145874625
0.0291936792717063	34.3084043693281	0.432342970178812
0.0301876585209134	34.0484152208467	0.431708342986684
0.0312154792382012	33.8391200850847	0.419767257311212
0.0322782934687869	33.0013380853294	0.411704725138954
0.0333772924618377	32.5791779533933	0.403789772116329
0.0345137080030496	32.3474374794516	0.404539398960874
0.03568881379236	31.8988101461587	0.39713427734059
0.0369039268683067	31.5476895289872	0.385041508747412
0.0381604090805925	31.1525978942607	0.379897026489669
0.0394596686124675	30.6579452305844	0.372717282555791
0.0408031615545895	30.5370072564585	0.365303565779855
0.0421923935320799	29.9663578079454	0.34879194082596
0.0436289213865426	29.8073640638298	0.343247842706091
0.0451143549148729	29.1752391180404	0.336135268228652
0.046650358666739	28.6359587338339	0.327603454013359
0.0482386538026773	28.4112702469552	0.320234675862241
0.0498810200148033	27.9679739686512	0.307190412261612
0.051579297512202	27.3685255827988	0.304275135457958
0.0533353890731239	26.8026834395341	0.293921847943561
0.0551512621661772	26.2533221971485	0.285309617673129
0.0570289511427736	25.6820621990523	0.277720730305142
0.0589705595031499	25.4039466175809	0.270647530897393
0.0609782622383591	24.879634452538	0.263647784856169
0.063054308250691	24.3499137769459	0.256166153742667
0.065201022855055	23.812211610462	0.24988149009489
0.0674208103639285	23.1858046633204	0.241692071525807
0.0697161567585479	22.6607973302486	0.236272062632121
0.0720896324490903	22.1833503288804	0.229553826418078
0.0745438951266702	21.6178041261345	0.222846405711256
0.0770816927100489	20.9996967933592	0.215488673023068
0.0797058663900289	20.3815964437186	0.210587292039987
0.0824193537745794	19.6468799676425	0.204440916068658
0.085225192137816	19.0728044887383	0.198347756867872
0.0881265217760273	18.5060745491753	0.192879710340877
0.0911265894740183	17.9382019060079	0.187234500411839
0.0942287520851093	17.2608512715163	0.18234043011864
0.0974364802281996	16.5672726875915	0.176481971349685
0.100753362105373	16.0792979036245	0.172105961214024
0.104183107443586	15.5253617625292	0.166548934868108
0.107729551564047	14.6736758460405	0.161850023672962
0.111396659582939	14.1403720417436	0.158009949418224
0.115188530747203	13.6346410950621	0.152581186287116
0.119109402909147	12.8927370681904	0.148903119725822
0.123163657143671	12.3261870052839	0.144714206264538
0.127355822511942	11.8718089361619	0.14021951545307
0.131690580975384	11.1698807717628	0.136395588269267
0.136172772463836	10.4679696231871	0.132374086530777
0.140807400101751	9.94608085463172	0.128831029671051
0.145599635596299	9.31800077123124	0.125024356934944
0.150554824791186	8.74643980432225	0.12150775141619
0.155678493389986	8.17503023126869	0.118163812129465
0.16097635285268	7.67116740907771	0.114813448695715
0.166454306469052	7.14653028761587	0.111741010943592
0.172118455612431	6.67274290521746	0.108554655276563
0.17797510617717	6.20152166599169	0.1055704248027
0.184030775203037	5.80651839870458	0.102635469872538
0.190292197689525	5.31482819710442	0.0999861303408914
0.196766333602804	4.9512399822798	0.0974760363172824
0.203460375077763	4.58487426284843	0.0949263644511861
0.210381753817241	4.31640154262571	0.0944117218532674
0.217538148690143	3.91167695316845	0.0931519121181958
0.224937493529682	3.62354257284372	0.092802713216594
0.232587985132458	3.34099957572739	0.0892085040950026
0.240498091458472	3.1304208883849	0.0861265842055218
0.248676560031486	2.92198267783949	0.0834389191218424
0.257132426538374	2.73767198416631	0.0825974387840585
0.265875023625178	2.58505915991566	0.0838471449062616
0.27491398988664	2.34365571412226	0.0888635807201765
0.284259279044797	2.2288611428479	0.0914938303738154
0.293921169311002	2.14733594605143	0.0942704472042205
0.303910272924274	1.99894081421628	0.0987487640001232
0.314237545857332	2.02098596503076	0.107991298525935
0.324914297679842	1.94689869548768	0.115825607924
0.335952201566464	1.82678546185211	0.122481780379529
0.347363304435056	1.85248006425707	0.160701126904374
0.359160037197935	1.75914785910962	12.2298996861761
