         1.525E+00  9.150E+01  4.000E+00
         1.525E+00  9.450E+01  4.000E+00
         1.525E+00  9.750E+01  4.000E+00
         1.525E+00  1.005E+02  4.000E+00
         1.525E+00  1.035E+02  4.000E+00
         1.525E+00  1.065E+02  4.000E+00
         1.525E+00  1.095E+02  4.000E+00
         1.525E+00  1.125E+02  4.000E+00
         1.525E+00  1.155E+02  4.000E+00
         1.525E+00  1.185E+02  4.000E+00
         1.525E+00  1.215E+02  4.000E+00
         1.525E+00  1.245E+02  4.000E+00
         1.525E+00  1.275E+02  4.000E+00
         1.525E+00  1.305E+02  4.000E+00
         1.525E+00  1.335E+02  4.000E+00
         1.525E+00  1.365E+02  4.000E+00
         1.525E+00  1.395E+02  4.000E+00
         1.525E+00  1.425E+02  3.591E+00
         1.525E+00  1.455E+02  3.475E+00
         1.525E+00  1.485E+02  2.886E+00
         1.525E+00  1.515E+02  2.195E+00
         1.525E+00  1.545E+02  1.693E+00
         1.525E+00  1.575E+02  1.267E+00
         1.525E+00  1.605E+02  8.611E-01
         1.525E+00  1.635E+02  4.797E-01
         1.525E+00  1.665E+02  1.985E-01
         1.525E+00  1.695E+02  3.061E-02
         1.525E+00  1.725E+02  0.000E+00
         1.525E+00  1.755E+02  1.815E-01
         1.525E+00  1.785E+02  7.931E-01
         1.575E+00  9.150E+01  4.000E+00
         1.575E+00  9.450E+01  4.000E+00
         1.575E+00  9.750E+01  4.000E+00
         1.575E+00  1.005E+02  4.000E+00
         1.575E+00  1.035E+02  4.000E+00
         1.575E+00  1.065E+02  4.000E+00
         1.575E+00  1.095E+02  4.000E+00
         1.575E+00  1.125E+02  4.000E+00
         1.575E+00  1.155E+02  4.000E+00
         1.575E+00  1.185E+02  4.000E+00
         1.575E+00  1.215E+02  4.000E+00
         1.575E+00  1.245E+02  4.000E+00
         1.575E+00  1.275E+02  4.000E+00
         1.575E+00  1.305E+02  4.000E+00
         1.575E+00  1.335E+02  4.000E+00
         1.575E+00  1.365E+02  4.000E+00
         1.575E+00  1.395E+02  4.000E+00
         1.575E+00  1.425E+02  4.000E+00
         1.575E+00  1.455E+02  3.435E+00
         1.575E+00  1.485E+02  2.768E+00
         1.575E+00  1.515E+02  2.141E+00
         1.575E+00  1.545E+02  1.599E+00
         1.575E+00  1.575E+02  1.161E+00
         1.575E+00  1.605E+02  7.596E-01
         1.575E+00  1.635E+02  3.751E-01
         1.575E+00  1.665E+02  1.016E-01
         1.575E+00  1.695E+02  2.459E-03
         1.575E+00  1.725E+02  0.000E+00
         1.575E+00  1.755E+02  2.860E-02
         1.575E+00  1.785E+02  3.314E-01
         1.625E+00  9.150E+01  4.000E+00
         1.625E+00  9.450E+01  4.000E+00
         1.625E+00  9.750E+01  4.000E+00
         1.625E+00  1.005E+02  4.000E+00
         1.625E+00  1.035E+02  4.000E+00
         1.625E+00  1.065E+02  4.000E+00
         1.625E+00  1.095E+02  4.000E+00
         1.625E+00  1.125E+02  4.000E+00
         1.625E+00  1.155E+02  4.000E+00
         1.625E+00  1.185E+02  4.000E+00
         1.625E+00  1.215E+02  4.000E+00
         1.625E+00  1.245E+02  4.000E+00
         1.625E+00  1.275E+02  4.000E+00
         1.625E+00  1.305E+02  4.000E+00
         1.625E+00  1.335E+02  4.000E+00
         1.625E+00  1.365E+02  4.000E+00
         1.625E+00  1.395E+02  4.000E+00
         1.625E+00  1.425E+02  4.000E+00
         1.625E+00  1.455E+02  3.725E+00
         1.625E+00  1.485E+02  3.068E+00
         1.625E+00  1.515E+02  2.443E+00
         1.625E+00  1.545E+02  1.836E+00
         1.625E+00  1.575E+02  1.336E+00
         1.625E+00  1.605E+02  9.363E-01
         1.625E+00  1.635E+02  5.963E-01
         1.625E+00  1.665E+02  3.311E-01
         1.625E+00  1.695E+02  1.746E-01
         1.625E+00  1.725E+02  7.163E-02
         1.625E+00  1.755E+02  0.000E+00
         1.625E+00  1.785E+02  1.882E-01
         1.675E+00  9.150E+01  4.000E+00
         1.675E+00  9.450E+01  4.000E+00
         1.675E+00  9.750E+01  4.000E+00
         1.675E+00  1.005E+02  4.000E+00
         1.675E+00  1.035E+02  4.000E+00
         1.675E+00  1.065E+02  4.000E+00
         1.675E+00  1.095E+02  4.000E+00
         1.675E+00  1.125E+02  4.000E+00
         1.675E+00  1.155E+02  4.000E+00
         1.675E+00  1.185E+02  4.000E+00
         1.675E+00  1.215E+02  4.000E+00
         1.675E+00  1.245E+02  4.000E+00
         1.675E+00  1.275E+02  4.000E+00
         1.675E+00  1.305E+02  4.000E+00
         1.675E+00  1.335E+02  4.000E+00
         1.675E+00  1.365E+02  4.000E+00
         1.675E+00  1.395E+02  4.000E+00
         1.675E+00  1.425E+02  4.000E+00
         1.675E+00  1.455E+02  3.983E+00
         1.675E+00  1.485E+02  3.259E+00
         1.675E+00  1.515E+02  2.547E+00
         1.675E+00  1.545E+02  1.877E+00
         1.675E+00  1.575E+02  1.338E+00
         1.675E+00  1.605E+02  9.402E-01
         1.675E+00  1.635E+02  6.343E-01
         1.675E+00  1.665E+02  3.863E-01
         1.675E+00  1.695E+02  1.967E-01
         1.675E+00  1.725E+02  6.338E-02
         1.675E+00  1.755E+02  0.000E+00
         1.675E+00  1.785E+02  2.049E-01
         1.725E+00  9.150E+01  4.000E+00
         1.725E+00  9.450E+01  4.000E+00
         1.725E+00  9.750E+01  4.000E+00
         1.725E+00  1.005E+02  4.000E+00
         1.725E+00  1.035E+02  4.000E+00
         1.725E+00  1.065E+02  4.000E+00
         1.725E+00  1.095E+02  4.000E+00
         1.725E+00  1.125E+02  4.000E+00
         1.725E+00  1.155E+02  4.000E+00
         1.725E+00  1.185E+02  4.000E+00
         1.725E+00  1.215E+02  4.000E+00
         1.725E+00  1.245E+02  4.000E+00
         1.725E+00  1.275E+02  4.000E+00
         1.725E+00  1.305E+02  4.000E+00
         1.725E+00  1.335E+02  4.000E+00
         1.725E+00  1.365E+02  4.000E+00
         1.725E+00  1.395E+02  4.000E+00
         1.725E+00  1.425E+02  4.000E+00
         1.725E+00  1.455E+02  3.832E+00
         1.725E+00  1.485E+02  3.068E+00
         1.725E+00  1.515E+02  2.337E+00
         1.725E+00  1.545E+02  1.683E+00
         1.725E+00  1.575E+02  1.158E+00
         1.725E+00  1.605E+02  7.665E-01
         1.725E+00  1.635E+02  4.796E-01
         1.725E+00  1.665E+02  2.645E-01
         1.725E+00  1.695E+02  1.016E-01
         1.725E+00  1.725E+02  3.823E-03
         1.725E+00  1.755E+02  0.000E+00
         1.725E+00  1.785E+02  2.538E-01
         1.775E+00  9.150E+01  4.000E+00
         1.775E+00  9.450E+01  4.000E+00
         1.775E+00  9.750E+01  4.000E+00
         1.775E+00  1.005E+02  4.000E+00
         1.775E+00  1.035E+02  4.000E+00
         1.775E+00  1.065E+02  4.000E+00
         1.775E+00  1.095E+02  4.000E+00
         1.775E+00  1.125E+02  4.000E+00
         1.775E+00  1.155E+02  4.000E+00
         1.775E+00  1.185E+02  4.000E+00
         1.775E+00  1.215E+02  4.000E+00
         1.775E+00  1.245E+02  4.000E+00
         1.775E+00  1.275E+02  4.000E+00
         1.775E+00  1.305E+02  4.000E+00
         1.775E+00  1.335E+02  4.000E+00
         1.775E+00  1.365E+02  4.000E+00
         1.775E+00  1.395E+02  4.000E+00
         1.775E+00  1.425E+02  4.000E+00
         1.775E+00  1.455E+02  3.433E+00
         1.775E+00  1.485E+02  2.704E+00
         1.775E+00  1.515E+02  2.021E+00
         1.775E+00  1.545E+02  1.420E+00
         1.775E+00  1.575E+02  9.364E-01
         1.775E+00  1.605E+02  5.753E-01
         1.775E+00  1.635E+02  3.282E-01
         1.775E+00  1.665E+02  1.658E-01
         1.775E+00  1.695E+02  5.257E-02
         1.775E+00  1.725E+02  0.000E+00
         1.775E+00  1.755E+02  5.089E-02
         1.775E+00  1.785E+02  3.425E-01
         1.825E+00  9.150E+01  4.000E+00
         1.825E+00  9.450E+01  4.000E+00
         1.825E+00  9.750E+01  4.000E+00
         1.825E+00  1.005E+02  4.000E+00
         1.825E+00  1.035E+02  4.000E+00
         1.825E+00  1.065E+02  4.000E+00
         1.825E+00  1.095E+02  4.000E+00
         1.825E+00  1.125E+02  4.000E+00
         1.825E+00  1.155E+02  4.000E+00
         1.825E+00  1.185E+02  4.000E+00
         1.825E+00  1.215E+02  4.000E+00
         1.825E+00  1.245E+02  4.000E+00
         1.825E+00  1.275E+02  4.000E+00
         1.825E+00  1.305E+02  4.000E+00
         1.825E+00  1.335E+02  4.000E+00
         1.825E+00  1.365E+02  4.000E+00
         1.825E+00  1.395E+02  4.000E+00
         1.825E+00  1.425E+02  3.663E+00
         1.825E+00  1.455E+02  2.903E+00
         1.825E+00  1.485E+02  2.225E+00
         1.825E+00  1.515E+02  1.609E+00
         1.825E+00  1.545E+02  1.071E+00
         1.825E+00  1.575E+02  6.467E-01
         1.825E+00  1.605E+02  3.448E-01
         1.825E+00  1.635E+02  1.615E-01
         1.825E+00  1.665E+02  6.725E-02
         1.825E+00  1.695E+02  1.410E-02
         1.825E+00  1.725E+02  0.000E+00
         1.825E+00  1.755E+02  7.845E-02
         1.825E+00  1.785E+02  3.918E-01
         1.875E+00  9.150E+01  4.000E+00
         1.875E+00  9.450E+01  4.000E+00
         1.875E+00  9.750E+01  4.000E+00
         1.875E+00  1.005E+02  4.000E+00
         1.875E+00  1.035E+02  4.000E+00
         1.875E+00  1.065E+02  4.000E+00
         1.875E+00  1.095E+02  4.000E+00
         1.875E+00  1.125E+02  4.000E+00
         1.875E+00  1.155E+02  4.000E+00
         1.875E+00  1.185E+02  4.000E+00
         1.875E+00  1.215E+02  4.000E+00
         1.875E+00  1.245E+02  4.000E+00
         1.875E+00  1.275E+02  4.000E+00
         1.875E+00  1.305E+02  4.000E+00
         1.875E+00  1.335E+02  4.000E+00
         1.875E+00  1.365E+02  4.000E+00
         1.875E+00  1.395E+02  3.813E+00
         1.875E+00  1.425E+02  3.052E+00
         1.875E+00  1.455E+02  2.339E+00
         1.875E+00  1.485E+02  1.713E+00
         1.875E+00  1.515E+02  1.164E+00
         1.875E+00  1.545E+02  7.053E-01
         1.875E+00  1.575E+02  3.609E-01
         1.875E+00  1.605E+02  1.394E-01
         1.875E+00  1.635E+02  2.853E-02
         1.875E+00  1.665E+02  0.000E+00
         1.875E+00  1.695E+02  8.632E-03
         1.875E+00  1.725E+02  3.681E-02
         1.875E+00  1.755E+02  1.340E-01
         1.875E+00  1.785E+02  4.629E-01
         1.925E+00  9.150E+01  4.000E+00
         1.925E+00  9.450E+01  4.000E+00
         1.925E+00  9.750E+01  4.000E+00
         1.925E+00  1.005E+02  4.000E+00
         1.925E+00  1.035E+02  4.000E+00
         1.925E+00  1.065E+02  4.000E+00
         1.925E+00  1.095E+02  4.000E+00
         1.925E+00  1.125E+02  4.000E+00
         1.925E+00  1.155E+02  4.000E+00
         1.925E+00  1.185E+02  4.000E+00
         1.925E+00  1.215E+02  4.000E+00
         1.925E+00  1.245E+02  4.000E+00
         1.925E+00  1.275E+02  4.000E+00
         1.925E+00  1.305E+02  4.000E+00
         1.925E+00  1.335E+02  4.000E+00
         1.925E+00  1.365E+02  3.912E+00
         1.925E+00  1.395E+02  3.193E+00
         1.925E+00  1.425E+02  2.491E+00
         1.925E+00  1.455E+02  1.848E+00
         1.925E+00  1.485E+02  1.283E+00
         1.925E+00  1.515E+02  8.008E-01
         1.925E+00  1.545E+02  4.239E-01
         1.925E+00  1.575E+02  1.708E-01
         1.925E+00  1.605E+02  3.791E-02
         1.925E+00  1.635E+02  0.000E+00
         1.925E+00  1.665E+02  2.739E-02
         1.925E+00  1.695E+02  8.711E-02
         1.925E+00  1.725E+02  1.609E-01
         1.925E+00  1.755E+02  2.837E-01
         1.925E+00  1.785E+02  6.279E-01
         1.975E+00  9.150E+01  4.000E+00
         1.975E+00  9.450E+01  4.000E+00
         1.975E+00  9.750E+01  4.000E+00
         1.975E+00  1.005E+02  4.000E+00
         1.975E+00  1.035E+02  4.000E+00
         1.975E+00  1.065E+02  4.000E+00
         1.975E+00  1.095E+02  4.000E+00
         1.975E+00  1.125E+02  4.000E+00
         1.975E+00  1.155E+02  4.000E+00
         1.975E+00  1.185E+02  4.000E+00
         1.975E+00  1.215E+02  4.000E+00
         1.975E+00  1.245E+02  4.000E+00
         1.975E+00  1.275E+02  4.000E+00
         1.975E+00  1.305E+02  4.000E+00
         1.975E+00  1.335E+02  4.000E+00
         1.975E+00  1.365E+02  3.303E+00
         1.975E+00  1.395E+02  2.631E+00
         1.975E+00  1.425E+02  2.001E+00
         1.975E+00  1.455E+02  1.427E+00
         1.975E+00  1.485E+02  9.254E-01
         1.975E+00  1.515E+02  5.128E-01
         1.975E+00  1.545E+02  2.140E-01
         1.975E+00  1.575E+02  4.659E-02
         1.975E+00  1.605E+02  0.000E+00
         1.975E+00  1.635E+02  3.419E-02
         1.975E+00  1.665E+02  1.072E-01
         1.975E+00  1.695E+02  1.966E-01
         1.975E+00  1.725E+02  2.997E-01
         1.975E+00  1.755E+02  4.459E-01
         1.975E+00  1.785E+02  8.072E-01
         2.025E+00  9.150E+01  4.000E+00
         2.025E+00  9.450E+01  4.000E+00
         2.025E+00  9.750E+01  4.000E+00
         2.025E+00  1.005E+02  4.000E+00
         2.025E+00  1.035E+02  4.000E+00
         2.025E+00  1.065E+02  4.000E+00
         2.025E+00  1.095E+02  4.000E+00
         2.025E+00  1.125E+02  4.000E+00
         2.025E+00  1.155E+02  4.000E+00
         2.025E+00  1.185E+02  4.000E+00
         2.025E+00  1.215E+02  4.000E+00
         2.025E+00  1.245E+02  4.000E+00
         2.025E+00  1.275E+02  4.000E+00
         2.025E+00  1.305E+02  4.000E+00
         2.025E+00  1.335E+02  3.431E+00
         2.025E+00  1.365E+02  2.799E+00
         2.025E+00  1.395E+02  2.189E+00
         2.025E+00  1.425E+02  1.614E+00
         2.025E+00  1.455E+02  1.089E+00
         2.025E+00  1.485E+02  6.426E-01
         2.025E+00  1.515E+02  3.037E-01
         2.025E+00  1.545E+02  8.859E-02
         2.025E+00  1.575E+02  0.000E+00
         2.025E+00  1.605E+02  2.553E-02
         2.025E+00  1.635E+02  1.210E-01
         2.025E+00  1.665E+02  2.273E-01
         2.025E+00  1.695E+02  3.323E-01
         2.025E+00  1.725E+02  4.543E-01
         2.025E+00  1.755E+02  6.120E-01
         2.025E+00  1.785E+02  9.708E-01
         2.075E+00  9.150E+01  4.000E+00
         2.075E+00  9.450E+01  4.000E+00
         2.075E+00  9.750E+01  4.000E+00
         2.075E+00  1.005E+02  4.000E+00
         2.075E+00  1.035E+02  4.000E+00
         2.075E+00  1.065E+02  4.000E+00
         2.075E+00  1.095E+02  4.000E+00
         2.075E+00  1.125E+02  4.000E+00
         2.075E+00  1.155E+02  4.000E+00
         2.075E+00  1.185E+02  4.000E+00
         2.075E+00  1.215E+02  4.000E+00
         2.075E+00  1.245E+02  4.000E+00
         2.075E+00  1.275E+02  4.000E+00
         2.075E+00  1.305E+02  3.444E+00
         2.075E+00  1.335E+02  2.904E+00
         2.075E+00  1.365E+02  2.353E+00
         2.075E+00  1.395E+02  1.801E+00
         2.075E+00  1.425E+02  1.274E+00
         2.075E+00  1.455E+02  7.955E-01
         2.075E+00  1.485E+02  4.055E-01
         2.075E+00  1.515E+02  1.440E-01
         2.075E+00  1.545E+02  1.634E-02
         2.075E+00  1.575E+02  0.000E+00
         2.075E+00  1.605E+02  7.539E-02
         2.075E+00  1.635E+02  2.061E-01
         2.075E+00  1.665E+02  3.286E-01
         2.075E+00  1.695E+02  4.508E-01
         2.075E+00  1.725E+02  6.114E-01
         2.075E+00  1.755E+02  8.065E-01
         2.075E+00  1.785E+02  1.186E+00
         2.125E+00  9.150E+01  4.000E+00
         2.125E+00  9.450E+01  4.000E+00
         2.125E+00  9.750E+01  4.000E+00
         2.125E+00  1.005E+02  4.000E+00
         2.125E+00  1.035E+02  4.000E+00
         2.125E+00  1.065E+02  4.000E+00
         2.125E+00  1.095E+02  4.000E+00
         2.125E+00  1.125E+02  4.000E+00
         2.125E+00  1.155E+02  4.000E+00
         2.125E+00  1.185E+02  4.000E+00
         2.125E+00  1.215E+02  4.000E+00
         2.125E+00  1.245E+02  4.000E+00
         2.125E+00  1.275E+02  3.433E+00
         2.125E+00  1.305E+02  2.941E+00
         2.125E+00  1.335E+02  2.468E+00
         2.125E+00  1.365E+02  1.960E+00
         2.125E+00  1.395E+02  1.458E+00
         2.125E+00  1.425E+02  9.885E-01
         2.125E+00  1.455E+02  5.626E-01
         2.125E+00  1.485E+02  2.344E-01
         2.125E+00  1.515E+02  4.782E-02
         2.125E+00  1.545E+02  0.000E+00
         2.125E+00  1.575E+02  4.551E-02
         2.125E+00  1.605E+02  1.504E-01
         2.125E+00  1.635E+02  2.937E-01
         2.125E+00  1.665E+02  4.237E-01
         2.125E+00  1.695E+02  5.602E-01
         2.125E+00  1.725E+02  7.552E-01
         2.125E+00  1.755E+02  1.023E+00
         2.125E+00  1.785E+02  1.511E+00
         2.175E+00  9.150E+01  4.000E+00
         2.175E+00  9.450E+01  4.000E+00
         2.175E+00  9.750E+01  4.000E+00
         2.175E+00  1.005E+02  4.000E+00
         2.175E+00  1.035E+02  4.000E+00
         2.175E+00  1.065E+02  4.000E+00
         2.175E+00  1.095E+02  4.000E+00
         2.175E+00  1.125E+02  4.000E+00
         2.175E+00  1.155E+02  4.000E+00
         2.175E+00  1.185E+02  4.000E+00
         2.175E+00  1.215E+02  3.937E+00
         2.175E+00  1.245E+02  3.370E+00
         2.175E+00  1.275E+02  2.895E+00
         2.175E+00  1.305E+02  2.493E+00
         2.175E+00  1.335E+02  2.099E+00
         2.175E+00  1.365E+02  1.652E+00
         2.175E+00  1.395E+02  1.198E+00
         2.175E+00  1.425E+02  7.647E-01
         2.175E+00  1.455E+02  3.875E-01
         2.175E+00  1.485E+02  1.236E-01
         2.175E+00  1.515E+02  0.000E+00
         2.175E+00  1.545E+02  1.330E-02
         2.175E+00  1.575E+02  1.173E-01
         2.175E+00  1.605E+02  2.553E-01
         2.175E+00  1.635E+02  4.109E-01
         2.175E+00  1.665E+02  5.409E-01
         2.175E+00  1.695E+02  6.638E-01
         2.175E+00  1.725E+02  8.446E-01
         2.175E+00  1.755E+02  1.138E+00
         2.175E+00  1.785E+02  1.696E+00
         2.225E+00  9.150E+01  4.000E+00
         2.225E+00  9.450E+01  4.000E+00
         2.225E+00  9.750E+01  4.000E+00
         2.225E+00  1.005E+02  4.000E+00
         2.225E+00  1.035E+02  4.000E+00
         2.225E+00  1.065E+02  4.000E+00
         2.225E+00  1.095E+02  4.000E+00
         2.225E+00  1.125E+02  4.000E+00
         2.225E+00  1.155E+02  4.000E+00
         2.225E+00  1.185E+02  3.832E+00
         2.225E+00  1.215E+02  3.304E+00
         2.225E+00  1.245E+02  2.866E+00
         2.225E+00  1.275E+02  2.470E+00
         2.225E+00  1.305E+02  2.110E+00
         2.225E+00  1.335E+02  1.780E+00
         2.225E+00  1.365E+02  1.410E+00
         2.225E+00  1.395E+02  9.999E-01
         2.225E+00  1.425E+02  5.843E-01
         2.225E+00  1.455E+02  2.558E-01
         2.225E+00  1.485E+02  6.679E-02
         2.225E+00  1.515E+02  0.000E+00
         2.225E+00  1.545E+02  5.151E-02
         2.225E+00  1.575E+02  1.965E-01
         2.225E+00  1.605E+02  3.677E-01
         2.225E+00  1.635E+02  5.311E-01
         2.225E+00  1.665E+02  6.362E-01
         2.225E+00  1.695E+02  7.037E-01
         2.225E+00  1.725E+02  8.229E-01
         2.225E+00  1.755E+02  1.072E+00
         2.225E+00  1.785E+02  1.529E+00
         2.275E+00  9.150E+01  4.000E+00
         2.275E+00  9.450E+01  4.000E+00
         2.275E+00  9.750E+01  4.000E+00
         2.275E+00  1.005E+02  4.000E+00
         2.275E+00  1.035E+02  4.000E+00
         2.275E+00  1.065E+02  4.000E+00
         2.275E+00  1.095E+02  4.000E+00
         2.275E+00  1.125E+02  4.000E+00
         2.275E+00  1.155E+02  3.861E+00
         2.275E+00  1.185E+02  3.280E+00
         2.275E+00  1.215E+02  2.847E+00
         2.275E+00  1.245E+02  2.542E+00
         2.275E+00  1.275E+02  2.216E+00
         2.275E+00  1.305E+02  1.857E+00
         2.275E+00  1.335E+02  1.524E+00
         2.275E+00  1.365E+02  1.178E+00
         2.275E+00  1.395E+02  8.044E-01
         2.275E+00  1.425E+02  4.279E-01
         2.275E+00  1.455E+02  1.551E-01
         2.275E+00  1.485E+02  2.804E-02
         2.275E+00  1.515E+02  0.000E+00
         2.275E+00  1.545E+02  6.883E-02
         2.275E+00  1.575E+02  2.161E-01
         2.275E+00  1.605E+02  3.968E-01
         2.275E+00  1.635E+02  5.493E-01
         2.275E+00  1.665E+02  6.037E-01
         2.275E+00  1.695E+02  6.150E-01
         2.275E+00  1.725E+02  6.916E-01
         2.275E+00  1.755E+02  8.962E-01
         2.275E+00  1.785E+02  1.223E+00
         2.325E+00  9.150E+01  4.000E+00
         2.325E+00  9.450E+01  4.000E+00
         2.325E+00  9.750E+01  4.000E+00
         2.325E+00  1.005E+02  4.000E+00
         2.325E+00  1.035E+02  4.000E+00
         2.325E+00  1.065E+02  4.000E+00
         2.325E+00  1.095E+02  4.000E+00
         2.325E+00  1.125E+02  3.792E+00
         2.325E+00  1.155E+02  3.307E+00
         2.325E+00  1.185E+02  2.839E+00
         2.325E+00  1.215E+02  2.504E+00
         2.325E+00  1.245E+02  2.346E+00
         2.325E+00  1.275E+02  2.111E+00
         2.325E+00  1.305E+02  1.721E+00
         2.325E+00  1.335E+02  1.337E+00
         2.325E+00  1.365E+02  9.973E-01
         2.325E+00  1.395E+02  6.704E-01
         2.325E+00  1.425E+02  3.410E-01
         2.325E+00  1.455E+02  1.026E-01
         2.325E+00  1.485E+02  2.932E-03
         2.325E+00  1.515E+02  0.000E+00
         2.325E+00  1.545E+02  8.932E-02
         2.325E+00  1.575E+02  2.288E-01
         2.325E+00  1.605E+02  4.020E-01
         2.325E+00  1.635E+02  5.296E-01
         2.325E+00  1.665E+02  5.260E-01
         2.325E+00  1.695E+02  5.413E-01
         2.325E+00  1.725E+02  6.563E-01
         2.325E+00  1.755E+02  8.223E-01
         2.325E+00  1.785E+02  1.067E+00
         2.375E+00  9.150E+01  4.000E+00
         2.375E+00  9.450E+01  4.000E+00
         2.375E+00  9.750E+01  4.000E+00
         2.375E+00  1.005E+02  4.000E+00
         2.375E+00  1.035E+02  4.000E+00
         2.375E+00  1.065E+02  4.000E+00
         2.375E+00  1.095E+02  4.000E+00
         2.375E+00  1.125E+02  3.436E+00
         2.375E+00  1.155E+02  2.951E+00
         2.375E+00  1.185E+02  2.574E+00
         2.375E+00  1.215E+02  2.273E+00
         2.375E+00  1.245E+02  2.177E+00
         2.375E+00  1.275E+02  2.048E+00
         2.375E+00  1.305E+02  1.648E+00
         2.375E+00  1.335E+02  1.222E+00
         2.375E+00  1.365E+02  8.937E-01
         2.375E+00  1.395E+02  6.066E-01
         2.375E+00  1.425E+02  3.049E-01
         2.375E+00  1.455E+02  7.713E-02
         2.375E+00  1.485E+02  0.000E+00
         2.375E+00  1.515E+02  4.177E-02
         2.375E+00  1.545E+02  1.670E-01
         2.375E+00  1.575E+02  3.010E-01
         2.375E+00  1.605E+02  4.348E-01
         2.375E+00  1.635E+02  5.206E-01
         2.375E+00  1.665E+02  4.756E-01
         2.375E+00  1.695E+02  5.308E-01
         2.375E+00  1.725E+02  7.598E-01
         2.375E+00  1.755E+02  9.665E-01
         2.375E+00  1.785E+02  1.225E+00
         2.425E+00  9.150E+01  4.000E+00
         2.425E+00  9.450E+01  4.000E+00
         2.425E+00  9.750E+01  4.000E+00
         2.425E+00  1.005E+02  4.000E+00
         2.425E+00  1.035E+02  4.000E+00
         2.425E+00  1.065E+02  4.000E+00
         2.425E+00  1.095E+02  4.000E+00
         2.425E+00  1.125E+02  3.306E+00
         2.425E+00  1.155E+02  2.780E+00
         2.425E+00  1.185E+02  2.453E+00
         2.425E+00  1.215E+02  2.140E+00
         2.425E+00  1.245E+02  2.037E+00
         2.425E+00  1.275E+02  1.988E+00
         2.425E+00  1.305E+02  1.606E+00
         2.425E+00  1.335E+02  1.159E+00
         2.425E+00  1.365E+02  8.336E-01
         2.425E+00  1.395E+02  5.621E-01
         2.425E+00  1.425E+02  2.726E-01
         2.425E+00  1.455E+02  5.117E-02
         2.425E+00  1.485E+02  0.000E+00
         2.425E+00  1.515E+02  9.021E-02
         2.425E+00  1.545E+02  2.457E-01
         2.425E+00  1.575E+02  3.686E-01
         2.425E+00  1.605E+02  4.461E-01
         2.425E+00  1.635E+02  4.924E-01
         2.425E+00  1.665E+02  4.309E-01
         2.425E+00  1.695E+02  5.138E-01
         2.425E+00  1.725E+02  8.650E-01
         2.425E+00  1.755E+02  1.226E+00
         2.425E+00  1.785E+02  1.624E+00
         2.475E+00  9.150E+01  4.000E+00
         2.475E+00  9.450E+01  4.000E+00
         2.475E+00  9.750E+01  4.000E+00
         2.475E+00  1.005E+02  4.000E+00
         2.475E+00  1.035E+02  4.000E+00
         2.475E+00  1.065E+02  4.000E+00
         2.475E+00  1.095E+02  4.000E+00
         2.475E+00  1.125E+02  3.265E+00
         2.475E+00  1.155E+02  2.709E+00
         2.475E+00  1.185E+02  2.405E+00
         2.475E+00  1.215E+02  2.077E+00
         2.475E+00  1.245E+02  1.960E+00
         2.475E+00  1.275E+02  1.950E+00
         2.475E+00  1.305E+02  1.587E+00
         2.475E+00  1.335E+02  1.131E+00
         2.475E+00  1.365E+02  8.033E-01
         2.475E+00  1.395E+02  5.353E-01
         2.475E+00  1.425E+02  2.508E-01
         2.475E+00  1.455E+02  3.393E-02
         2.475E+00  1.485E+02  0.000E+00
         2.475E+00  1.515E+02  1.207E-01
         2.475E+00  1.545E+02  2.927E-01
         2.475E+00  1.575E+02  4.055E-01
         2.475E+00  1.605E+02  4.440E-01
         2.475E+00  1.635E+02  4.678E-01
         2.475E+00  1.665E+02  4.021E-01
         2.475E+00  1.695E+02  4.962E-01
         2.475E+00  1.725E+02  9.229E-01
         2.475E+00  1.755E+02  1.445E+00
         2.475E+00  1.785E+02  2.050E+00
         2.525E+00  9.150E+01  4.000E+00
         2.525E+00  9.450E+01  4.000E+00
         2.525E+00  9.750E+01  4.000E+00
         2.525E+00  1.005E+02  4.000E+00
         2.525E+00  1.035E+02  4.000E+00
         2.525E+00  1.065E+02  4.000E+00
         2.525E+00  1.095E+02  4.000E+00
         2.525E+00  1.125E+02  3.252E+00
         2.525E+00  1.155E+02  2.682E+00
         2.525E+00  1.185E+02  2.386E+00
         2.525E+00  1.215E+02  2.051E+00
         2.525E+00  1.245E+02  1.926E+00
         2.525E+00  1.275E+02  1.933E+00
         2.525E+00  1.305E+02  1.578E+00
         2.525E+00  1.335E+02  1.120E+00
         2.525E+00  1.365E+02  7.903E-01
         2.525E+00  1.395E+02  5.229E-01
         2.525E+00  1.425E+02  2.403E-01
         2.525E+00  1.455E+02  2.576E-02
         2.525E+00  1.485E+02  0.000E+00
         2.525E+00  1.515E+02  1.350E-01
         2.525E+00  1.545E+02  3.144E-01
         2.525E+00  1.575E+02  4.218E-01
         2.525E+00  1.605E+02  4.414E-01
         2.525E+00  1.635E+02  4.553E-01
         2.525E+00  1.665E+02  3.885E-01
         2.525E+00  1.695E+02  4.867E-01
         2.525E+00  1.725E+02  9.483E-01
         2.525E+00  1.755E+02  1.568E+00
         2.525E+00  1.785E+02  2.345E+00
         2.575E+00  9.150E+01  4.000E+00
         2.575E+00  9.450E+01  4.000E+00
         2.575E+00  9.750E+01  4.000E+00
         2.575E+00  1.005E+02  4.000E+00
         2.575E+00  1.035E+02  4.000E+00
         2.575E+00  1.065E+02  4.000E+00
         2.575E+00  1.095E+02  4.000E+00
         2.575E+00  1.125E+02  3.246E+00
         2.575E+00  1.155E+02  2.666E+00
         2.575E+00  1.185E+02  2.376E+00
         2.575E+00  1.215E+02  2.036E+00
         2.575E+00  1.245E+02  1.905E+00
         2.575E+00  1.275E+02  1.922E+00
         2.575E+00  1.305E+02  1.574E+00
         2.575E+00  1.335E+02  1.114E+00
         2.575E+00  1.365E+02  7.824E-01
         2.575E+00  1.395E+02  5.150E-01
         2.575E+00  1.425E+02  2.336E-01
         2.575E+00  1.455E+02  2.053E-02
         2.575E+00  1.485E+02  0.000E+00
         2.575E+00  1.515E+02  1.441E-01
         2.575E+00  1.545E+02  3.278E-01
         2.575E+00  1.575E+02  4.315E-01
         2.575E+00  1.605E+02  4.390E-01
         2.575E+00  1.635E+02  4.469E-01
         2.575E+00  1.665E+02  3.797E-01
         2.575E+00  1.695E+02  4.801E-01
         2.575E+00  1.725E+02  9.634E-01
         2.575E+00  1.755E+02  1.655E+00
         2.575E+00  1.785E+02  2.597E+00
         2.625E+00  9.150E+01  4.000E+00
         2.625E+00  9.450E+01  4.000E+00
         2.625E+00  9.750E+01  4.000E+00
         2.625E+00  1.005E+02  4.000E+00
         2.625E+00  1.035E+02  4.000E+00
         2.625E+00  1.065E+02  4.000E+00
         2.625E+00  1.095E+02  4.000E+00
         2.625E+00  1.125E+02  4.000E+00
         2.625E+00  1.155E+02  4.000E+00
         2.625E+00  1.185E+02  4.000E+00
         2.625E+00  1.215E+02  4.000E+00
         2.625E+00  1.245E+02  4.000E+00
         2.625E+00  1.275E+02  4.000E+00
         2.625E+00  1.305E+02  4.000E+00
         2.625E+00  1.335E+02  4.000E+00
         2.625E+00  1.365E+02  4.000E+00
         2.625E+00  1.395E+02  4.000E+00
         2.625E+00  1.425E+02  4.000E+00
         2.625E+00  1.455E+02  4.000E+00
         2.625E+00  1.485E+02  4.000E+00
         2.625E+00  1.515E+02  4.000E+00
         2.625E+00  1.545E+02  4.000E+00
         2.625E+00  1.575E+02  4.000E+00
         2.625E+00  1.605E+02  2.000E+00
         2.625E+00  1.635E+02  5.000E-01
         2.625E+00  1.665E+02  0.000E+00
         2.625E+00  1.695E+02  5.000E-01
         2.625E+00  1.725E+02  2.000E+00
         2.625E+00  1.755E+02  4.000E+00
         2.625E+00  1.785E+02  4.000E+00
         2.675E+00  9.150E+01  4.000E+00
         2.675E+00  9.450E+01  4.000E+00
         2.675E+00  9.750E+01  4.000E+00
         2.675E+00  1.005E+02  4.000E+00
         2.675E+00  1.035E+02  4.000E+00
         2.675E+00  1.065E+02  4.000E+00
         2.675E+00  1.095E+02  4.000E+00
         2.675E+00  1.125E+02  4.000E+00
         2.675E+00  1.155E+02  4.000E+00
         2.675E+00  1.185E+02  4.000E+00
         2.675E+00  1.215E+02  4.000E+00
         2.675E+00  1.245E+02  4.000E+00
         2.675E+00  1.275E+02  4.000E+00
         2.675E+00  1.305E+02  4.000E+00
         2.675E+00  1.335E+02  4.000E+00
         2.675E+00  1.365E+02  4.000E+00
         2.675E+00  1.395E+02  4.000E+00
         2.675E+00  1.425E+02  4.000E+00
         2.675E+00  1.455E+02  4.000E+00
         2.675E+00  1.485E+02  4.000E+00
         2.675E+00  1.515E+02  4.000E+00
         2.675E+00  1.545E+02  4.000E+00
         2.675E+00  1.575E+02  4.000E+00
         2.675E+00  1.605E+02  2.001E+00
         2.675E+00  1.635E+02  5.009E-01
         2.675E+00  1.665E+02  0.000E+00
         2.675E+00  1.695E+02  4.818E-01
         2.675E+00  1.725E+02  1.673E+00
         2.675E+00  1.755E+02  2.325E+00
         2.675E+00  1.785E+02  2.939E+00
         2.725E+00  9.150E+01  4.000E+00
         2.725E+00  9.450E+01  4.000E+00
         2.725E+00  9.750E+01  4.000E+00
         2.725E+00  1.005E+02  4.000E+00
         2.725E+00  1.035E+02  4.000E+00
         2.725E+00  1.065E+02  4.000E+00
         2.725E+00  1.095E+02  4.000E+00
         2.725E+00  1.125E+02  4.000E+00
         2.725E+00  1.155E+02  4.000E+00
         2.725E+00  1.185E+02  4.000E+00
         2.725E+00  1.215E+02  4.000E+00
         2.725E+00  1.245E+02  4.000E+00
         2.725E+00  1.275E+02  4.000E+00
         2.725E+00  1.305E+02  4.000E+00
         2.725E+00  1.335E+02  4.000E+00
         2.725E+00  1.365E+02  4.000E+00
         2.725E+00  1.395E+02  4.000E+00
         2.725E+00  1.425E+02  4.000E+00
         2.725E+00  1.455E+02  4.000E+00
         2.725E+00  1.485E+02  4.000E+00
         2.725E+00  1.515E+02  4.000E+00
         2.725E+00  1.545E+02  4.000E+00
         2.725E+00  1.575E+02  4.000E+00
         2.725E+00  1.605E+02  1.991E+00
         2.725E+00  1.635E+02  5.011E-01
         2.725E+00  1.665E+02  0.000E+00
         2.725E+00  1.695E+02  4.517E-01
         2.725E+00  1.725E+02  1.284E+00
         2.725E+00  1.755E+02  1.406E+00
         2.725E+00  1.785E+02  1.950E+00
         2.775E+00  9.150E+01  4.000E+00
         2.775E+00  9.450E+01  4.000E+00
         2.775E+00  9.750E+01  4.000E+00
         2.775E+00  1.005E+02  4.000E+00
         2.775E+00  1.035E+02  4.000E+00
         2.775E+00  1.065E+02  4.000E+00
         2.775E+00  1.095E+02  4.000E+00
         2.775E+00  1.125E+02  4.000E+00
         2.775E+00  1.155E+02  4.000E+00
         2.775E+00  1.185E+02  4.000E+00
         2.775E+00  1.215E+02  4.000E+00
         2.775E+00  1.245E+02  4.000E+00
         2.775E+00  1.275E+02  4.000E+00
         2.775E+00  1.305E+02  4.000E+00
         2.775E+00  1.335E+02  4.000E+00
         2.775E+00  1.365E+02  4.000E+00
         2.775E+00  1.395E+02  4.000E+00
         2.775E+00  1.425E+02  4.000E+00
         2.775E+00  1.455E+02  4.000E+00
         2.775E+00  1.485E+02  4.000E+00
         2.775E+00  1.515E+02  4.000E+00
         2.775E+00  1.545E+02  4.000E+00
         2.775E+00  1.575E+02  4.000E+00
         2.775E+00  1.605E+02  1.926E+00
         2.775E+00  1.635E+02  4.966E-01
         2.775E+00  1.665E+02  0.000E+00
         2.775E+00  1.695E+02  3.787E-01
         2.775E+00  1.725E+02  6.792E-01
         2.775E+00  1.755E+02  4.690E-01
         2.775E+00  1.785E+02  9.858E-01
         2.825E+00  9.150E+01  4.000E+00
         2.825E+00  9.450E+01  4.000E+00
         2.825E+00  9.750E+01  4.000E+00
         2.825E+00  1.005E+02  4.000E+00
         2.825E+00  1.035E+02  4.000E+00
         2.825E+00  1.065E+02  4.000E+00
         2.825E+00  1.095E+02  4.000E+00
         2.825E+00  1.125E+02  4.000E+00
         2.825E+00  1.155E+02  4.000E+00
         2.825E+00  1.185E+02  4.000E+00
         2.825E+00  1.215E+02  4.000E+00
         2.825E+00  1.245E+02  4.000E+00
         2.825E+00  1.275E+02  4.000E+00
         2.825E+00  1.305E+02  4.000E+00
         2.825E+00  1.335E+02  4.000E+00
         2.825E+00  1.365E+02  4.000E+00
         2.825E+00  1.395E+02  4.000E+00
         2.825E+00  1.425E+02  4.000E+00
         2.825E+00  1.455E+02  4.000E+00
         2.825E+00  1.485E+02  4.000E+00
         2.825E+00  1.515E+02  4.000E+00
         2.825E+00  1.545E+02  4.000E+00
         2.825E+00  1.575E+02  3.259E+00
         2.825E+00  1.605E+02  1.919E+00
         2.825E+00  1.635E+02  7.693E-01
         2.825E+00  1.665E+02  3.134E-01
         2.825E+00  1.695E+02  5.668E-01
         2.825E+00  1.725E+02  3.592E-01
         2.825E+00  1.755E+02  0.000E+00
         2.825E+00  1.785E+02  5.076E-01
         2.875E+00  9.150E+01  4.000E+00
         2.875E+00  9.450E+01  4.000E+00
         2.875E+00  9.750E+01  4.000E+00
         2.875E+00  1.005E+02  4.000E+00
         2.875E+00  1.035E+02  4.000E+00
         2.875E+00  1.065E+02  4.000E+00
         2.875E+00  1.095E+02  4.000E+00
         2.875E+00  1.125E+02  4.000E+00
         2.875E+00  1.155E+02  4.000E+00
         2.875E+00  1.185E+02  4.000E+00
         2.875E+00  1.215E+02  4.000E+00
         2.875E+00  1.245E+02  4.000E+00
         2.875E+00  1.275E+02  4.000E+00
         2.875E+00  1.305E+02  4.000E+00
         2.875E+00  1.335E+02  4.000E+00
         2.875E+00  1.365E+02  4.000E+00
         2.875E+00  1.395E+02  4.000E+00
         2.875E+00  1.425E+02  4.000E+00
         2.875E+00  1.455E+02  4.000E+00
         2.875E+00  1.485E+02  4.000E+00
         2.875E+00  1.515E+02  4.000E+00
         2.875E+00  1.545E+02  3.978E+00
         2.875E+00  1.575E+02  2.412E+00
         2.875E+00  1.605E+02  1.523E+00
         2.875E+00  1.635E+02  8.034E-01
         2.875E+00  1.665E+02  4.612E-01
         2.875E+00  1.695E+02  6.922E-01
         2.875E+00  1.725E+02  3.800E-01
         2.875E+00  1.755E+02  0.000E+00
         2.875E+00  1.785E+02  5.064E-01
         2.925E+00  9.150E+01  4.000E+00
         2.925E+00  9.450E+01  4.000E+00
         2.925E+00  9.750E+01  4.000E+00
         2.925E+00  1.005E+02  4.000E+00
         2.925E+00  1.035E+02  4.000E+00
         2.925E+00  1.065E+02  4.000E+00
         2.925E+00  1.095E+02  4.000E+00
         2.925E+00  1.125E+02  4.000E+00
         2.925E+00  1.155E+02  4.000E+00
         2.925E+00  1.185E+02  4.000E+00
         2.925E+00  1.215E+02  4.000E+00
         2.925E+00  1.245E+02  4.000E+00
         2.925E+00  1.275E+02  4.000E+00
         2.925E+00  1.305E+02  4.000E+00
         2.925E+00  1.335E+02  4.000E+00
         2.925E+00  1.365E+02  4.000E+00
         2.925E+00  1.395E+02  4.000E+00
         2.925E+00  1.425E+02  4.000E+00
         2.925E+00  1.455E+02  4.000E+00
         2.925E+00  1.485E+02  4.000E+00
         2.925E+00  1.515E+02  4.000E+00
         2.925E+00  1.545E+02  3.166E+00
         2.925E+00  1.575E+02  1.619E+00
         2.925E+00  1.605E+02  8.260E-01
         2.925E+00  1.635E+02  2.699E-01
         2.925E+00  1.665E+02  0.000E+00
         2.925E+00  1.695E+02  3.698E-01
         2.925E+00  1.725E+02  4.624E-01
         2.925E+00  1.755E+02  1.780E-01
         2.925E+00  1.785E+02  6.901E-01
         2.975E+00  9.150E+01  4.000E+00
         2.975E+00  9.450E+01  4.000E+00
         2.975E+00  9.750E+01  4.000E+00
         2.975E+00  1.005E+02  4.000E+00
         2.975E+00  1.035E+02  4.000E+00
         2.975E+00  1.065E+02  4.000E+00
         2.975E+00  1.095E+02  4.000E+00
         2.975E+00  1.125E+02  4.000E+00
         2.975E+00  1.155E+02  4.000E+00
         2.975E+00  1.185E+02  4.000E+00
         2.975E+00  1.215E+02  4.000E+00
         2.975E+00  1.245E+02  4.000E+00
         2.975E+00  1.275E+02  4.000E+00
         2.975E+00  1.305E+02  4.000E+00
         2.975E+00  1.335E+02  4.000E+00
         2.975E+00  1.365E+02  4.000E+00
         2.975E+00  1.395E+02  4.000E+00
         2.975E+00  1.425E+02  4.000E+00
         2.975E+00  1.455E+02  4.000E+00
         2.975E+00  1.485E+02  4.000E+00
         2.975E+00  1.515E+02  4.000E+00
         2.975E+00  1.545E+02  3.103E+00
         2.975E+00  1.575E+02  1.558E+00
         2.975E+00  1.605E+02  7.800E-01
         2.975E+00  1.635E+02  2.519E-01
         2.975E+00  1.665E+02  0.000E+00
         2.975E+00  1.695E+02  4.703E-01
         2.975E+00  1.725E+02  1.123E+00
         2.975E+00  1.755E+02  1.095E+00
         2.975E+00  1.785E+02  1.626E+00
