          PEP       PEP       NTE       CTE       ALA       ARG       ARG       ASP       ASP       ASN       ASN       CYS       GLU       GLU       GLN       GLN       GLY       HIS       HIS       ILE       ILE       LEU       LEU       LYS       LYS       MET       MET       PHE       PHE       PRO       SER       THR       TRP       TRP       TYR       TYR       VAL
 0.000000E+00   10.900960 11.621160  4.002340 10.408200 -1.864320 -2.076280 14.463900 -1.144120 10.408200 -1.144120 10.180760  8.222440 -2.076280 10.408200 -2.076280 10.180760 -0.932160 -1.144120 12.410200 -2.076280 -2.584520 -1.144120 -3.516680 -2.076280  2.138020 -2.076280  7.714200 -1.144120 -0.551560 -3.008440  3.085660  2.153500 -1.144120  5.907660 -1.144120  4.398420 -3.728640
 2.733250E-02   10.901475 11.621095  4.002972 10.409112 -1.859623 -2.069302 14.466625 -1.139800 10.409118 -1.139796 10.181727  8.229536 -2.069307 10.409114 -2.069304 10.181727 -0.929990 -1.139798 12.413656 -2.069404 -2.579236 -1.139776 -3.508330 -2.069303  2.145118 -2.069301  7.719932 -1.139797 -0.539431 -2.998330  3.091627  2.164422 -1.139804  5.925080 -1.139798  4.411077 -3.718159
 2.991070E-02   10.901576 11.621083  4.003096 10.409292 -1.858695 -2.067924 14.467163 -1.138948 10.409300 -1.138942 10.181918  8.230936 -2.067931 10.409295 -2.067927 10.181917 -0.929561 -1.138944 12.414339 -2.068047 -2.578192 -1.138918 -3.506682 -2.067925  2.146518 -2.067923  7.721064 -1.138944 -0.537040 -2.996334  3.092805  2.166575 -1.138952  5.928516 -1.138945  4.413574 -3.716090
 3.816120E-02   10.901962 11.621033  4.003571 10.409976 -1.855167 -2.062682 14.469206 -1.135703 10.409989 -1.135694 10.182644  8.236262 -2.062693 10.409981 -2.062688 10.182643 -0.927931 -1.135697 12.416934 -2.062884 -2.574223 -1.135655 -3.500410 -2.062684  2.151839 -2.062681  7.725368 -1.135697 -0.527960 -2.988741  3.097282  2.174751 -1.135710  5.941575 -1.135699  4.423064 -3.708219
 4.641150E-02   10.902441 11.620972  4.004160 10.410825 -1.850786 -2.056175 14.471739 -1.131675 10.410845 -1.131662 10.183545  8.242870 -2.056191 10.410833 -2.056183 10.183543 -0.925906 -1.131667 12.420154 -2.056475 -2.569293 -1.131603 -3.492622 -2.056177  2.158435 -2.056174  7.730710 -1.131665 -0.516718 -2.979314  3.102837  2.184875 -1.131685  5.957765 -1.131669  4.434830 -3.698447
 5.466200E-02   10.903011 11.620897  4.004864 10.411839 -1.845554 -2.048404 14.474759 -1.126865 10.411866 -1.126847 10.184620  8.250755 -2.048427 10.411850 -2.048415 10.184618 -0.923488 -1.126853 12.423997 -2.048823 -2.563405 -1.126765 -3.483323 -2.048407  2.166297 -2.048402  7.737087 -1.126852 -0.503342 -2.968059  3.109464  2.196926 -1.126879  5.977063 -1.126856  4.448857 -3.686779
 6.291240E-02   10.903673 11.620810  4.005683 10.413017 -1.839474 -2.039373 14.478261 -1.121276 10.413053 -1.121252 10.185869  8.259910 -2.039404 10.413031 -2.039388 10.185866 -0.920678 -1.121260 12.428461 -2.039934 -2.556561 -1.121142 -3.472515 -2.039377  2.175414 -2.039371  7.744495 -1.121258 -0.487870 -2.954980  3.117156  2.210879 -1.121294  5.999442 -1.121264  4.465126 -3.673222
 7.116280E-02   10.904426 11.620708  4.006616 10.414357 -1.832548 -2.029086 14.482240 -1.114909 10.414403 -1.114879 10.187290  8.270328 -2.029126 10.414376 -2.029106 10.187286 -0.917476 -1.114889 12.433543 -2.029812 -2.548763 -1.114738 -3.460203 -2.029091  2.185774 -2.029084  7.752929 -1.114886 -0.470348 -2.940084  3.125907  2.226705 -1.114932  6.024871 -1.114894  4.483616 -3.657782
 7.941330E-02   10.905268 11.620592  4.007662 10.415860 -1.824779 -2.017547 14.486691 -1.107768 10.415917 -1.107730 10.188883  8.282000 -2.017598 10.415883 -2.017572 10.188878 -0.913883 -1.107743 12.439238 -2.018463 -2.540014 -1.107554 -3.446393 -2.017554  2.197361 -2.017546  7.762384 -1.107739 -0.450839 -2.923379  3.135709  2.244375 -1.107797  6.053317 -1.107750  4.504304 -3.640466
 8.766360E-02   10.906199 11.620461  4.008823 10.417523 -1.816170 -2.004762 14.491608 -1.099857 10.417593 -1.099811 10.190645  8.294917 -2.004825 10.417551 -2.004794 10.190640 -0.909901 -1.099826 12.445543 -2.005894 -2.530316 -1.099594 -3.431090 -2.004771  2.210162 -2.004762  7.772855 -1.099821 -0.429425 -2.904872  3.146552  2.263854 -1.099892  6.084740 -1.099834  4.527163 -3.621284
 9.591400E-02   10.907217 11.620314  4.010096 10.419347 -1.806724 -1.990736 14.496984 -1.091178 10.419430 -1.091123 10.192577  8.309067 -1.990813 10.419380 -1.990776 10.192570 -0.905532 -1.091141 12.452454 -1.992111 -2.519672 -1.090862 -3.414300 -1.990748  2.224159 -1.990738  7.784334 -1.091135 -0.406214 -2.884573  3.158426  2.285106 -1.091221  6.119100 -1.091151  4.552165 -3.600244
 1.041640E-01   10.908322 11.620151  4.011483 10.421328 -1.796447 -1.975477 14.502811 -1.081738 10.421426 -1.081672 10.194676  8.324440 -1.975569 10.421367 -1.975525 10.194668 -0.900776 -1.081693 12.459964 -1.977125 -2.508087 -1.081362 -3.396031 -1.975490  2.239333 -1.975480  7.796815 -1.081686 -0.381354 -2.862493  3.171321  2.308093 -1.081788  6.156348 -1.081705  4.579278 -3.577360
 1.124150E-01   10.909512 11.619970  4.012982 10.423468 -1.785340 -1.958987 14.509082 -1.071537 10.423581 -1.071460 10.196941  8.341024 -1.959097 10.423513 -1.959046 10.196932 -0.895635 -1.071486 12.468071 -1.960942 -2.495563 -1.071096 -3.376288 -1.959003  2.255669 -1.958993  7.810291 -1.071477 -0.355045 -2.838639  3.185227  2.332778 -1.071596  6.196445 -1.071499  4.608474 -3.552638
 1.206650E-01   10.910785 11.619771  4.014594 10.425762 -1.773411 -1.941280 14.515788 -1.060584 10.425893 -1.060495 10.199369  8.358803 -1.941408 10.425815 -1.941350 10.199359 -0.890113 -1.060525 12.476766 -1.943574 -2.482107 -1.060072 -3.355084 -1.941298  2.273143 -1.941289  7.824752 -1.060515 -0.327584 -2.813028  3.200129  2.359114 -1.060652  6.239328 -1.060541  4.639711 -3.526096
 1.289160E-01   10.912139 11.619553  4.016317 10.428211 -1.760663 -1.922357 14.522919 -1.048882 10.428361 -1.048780 10.201961  8.377766 -1.922507 10.428271 -1.922441 10.201949 -0.884209 -1.048814 12.486045 -1.925029 -2.467719 -1.048293 -3.332421 -1.922379  2.291738 -1.922372  7.840192 -1.048802 -0.299390 -2.785668  3.216018  2.387067 -1.048961  6.284955 -1.048832  4.672961 -3.497742
 1.371660E-01   10.913574 11.619314  4.018151 10.430813 -1.747104 -1.902233 14.530466 -1.036440 10.430981 -1.036323 10.204712  8.397894 -1.902407 10.430880 -1.902332 10.204698 -0.877927 -1.036362 12.495900 -1.905323 -2.452408 -1.035766 -3.308316 -1.902258  2.311428 -1.902253  7.856598 -1.036349 -0.271112 -2.756579  3.232876  2.416587 -1.036529  6.333258 -1.036383  4.708177 -3.467598
 1.454170E-01   10.915088 11.619054  4.020097 10.433565 -1.732736 -1.880911 14.538418 -1.023260 10.433754 -1.023128 10.207622  8.419176 -1.881111 10.433641 -1.881027 10.207606 -0.871268 -1.023172 12.506326 -1.884463 -2.436176 -1.022495 -3.282772 -1.880940  2.332196 -1.880939  7.873964 -1.023157 -0.243727 -2.725767  3.250693  2.447638 -1.023361  6.384190 -1.023196  4.745329 -3.435671
 1.536670E-01   10.916678 11.618771  4.022152 10.436466 -1.717570 -1.858406 14.546764 -1.009353 10.436677 -1.009204 10.210687  8.441590 -1.858636 10.436550 -1.858542 10.210670 -0.864237 -1.009255 12.517313 -1.862467 -2.419031 -1.008489 -3.255806 -1.858439  2.354015 -1.858444  7.892277 -1.009237 -0.218767 -2.693258  3.269451  2.480168 -1.009467  6.437678 -1.009281  4.784367 -3.401986
 1.619170E-01   10.918342 11.618464  4.024318 10.439513 -1.701611 -1.834727 14.555491 -0.994725 10.439747 -0.994559 10.213906  8.465121 -1.834989 10.439606 -1.834885 10.213887 -0.856835 -0.994616 12.528855 -1.839349 -2.400978 -0.993755 -3.227427 -1.834764  2.376865 -1.834777  7.911526 -0.994594 -0.198513 -2.659063  3.289136  2.514139 -0.994853  6.493666 -0.994645  4.825252 -3.366556
 1.701670E-01   10.920079 11.618132  4.026592 10.442705 -1.684865 -1.809883 14.564590 -0.979383 10.442964 -0.979199 10.217276  8.489750 -1.810181 10.442808 -1.810067 10.217255 -0.849065 -0.979263 12.540943 -1.815123 -2.382022 -0.978299 -3.197646 -1.809926  2.400721 -1.809947  7.931701 -0.979238 -0.186029 -2.623200  3.309732  2.549508 -0.979527  6.552088 -0.979295  4.867943 -3.329400
 1.784180E-01   10.921886 11.617773  4.028975 10.446040 -1.667338 -1.783885 14.574046 -0.963336 10.446324 -0.963131 10.220795  8.515462 -1.784221 10.446153 -1.784096 10.220772 -0.840929 -0.963202 12.553571 -1.789803 -2.362168 -0.962129 -3.166471 -1.783933  2.425564 -1.783965  7.952793 -0.963175 -0.184487 -2.585683  3.331227  2.586235 -0.963496  6.612886 -0.963238  4.912401 -3.290532
 1.866690E-01   10.923762 11.617386  4.031466 10.449515 -1.649040 -1.756745 14.583848 -0.946593 10.449825 -0.946367 10.224459  8.542235 -1.757125 10.449638 -1.756989 10.224434 -0.832432 -0.946446 12.566728 -1.763409 -2.341424 -0.945253 -3.133920 -1.756800  2.451366 -1.756846  7.974786 -0.946415 -0.195675 -2.546537  3.353602  2.624275 -0.946770  6.675985 -0.946486  4.958576 -3.249978
 1.949190E-01   10.925703 11.616969  4.034063 10.453127 -1.629983 -1.728482 14.593978 -0.929168 10.453465 -0.928919 10.228267  8.570044 -1.728910 10.453262 -1.728761 10.228240 -0.823578 -0.929007 12.580402 -1.735964 -2.319799 -0.927685 -3.100011 -1.728543  2.478102 -1.728606  7.997666 -0.928971 -0.219034 -2.505787  3.376836  2.663581 -0.929364  6.741308 -0.929050  5.006417 -3.207765
 2.031700E-01   10.927707 11.616521  4.036768 10.456875 -1.610170 -1.699102 14.604426 -0.911067 10.457242 -0.910794 10.232215  8.598876 -1.699582 10.457021 -1.699421 10.232185 -0.814368 -0.910891 12.594589 -1.707482 -2.297296 -0.909431 -3.064749 -1.699170  2.505754 -1.699253  8.021425 -0.910850 -0.252437 -2.463446  3.400919  2.704121 -0.911282  6.808802 -0.910938  5.055889 -3.163905
 2.114190E-01   10.929771 11.616041  4.039577 10.460754 -1.589619 -1.668630 14.615174 -0.892308 10.461151 -0.892009 10.236299  8.628698 -1.669167 10.460912 -1.668994 10.236267 -0.804810 -0.892117 12.609271 -1.677995 -2.273931 -0.890507 -3.028162 -1.668706  2.534288 -1.668812  8.046041 -0.892071 -0.293536 -2.419552  3.425825  2.745841 -0.892545  6.878369 -0.892168  5.106928 -3.118438
 2.196700E-01   10.931894 11.615526  4.042492 10.464764 -1.568330 -1.637066 14.626210 -0.872897 10.465192 -0.872570 10.240518  8.659502 -1.637667 10.464935 -1.637480 10.240483 -0.794904 -0.872688 12.624447 -1.647513 -2.249701 -0.870918 -2.990248 -1.637151  2.563694 -1.637285  8.071512 -0.872636 -0.340518 -2.374108  3.451547  2.788721 -0.873157  6.949972 -0.872744  5.159512 -3.071367
 2.279200E-01   10.934071 11.614974  4.045511 10.468901 -1.546321 -1.604438 14.637516 -0.852853 10.469361 -0.852496 10.244867  8.691256 -1.605108 10.469084 -1.604908 10.244830 -0.784657 -0.852627 12.640100 -1.616071 -2.224621 -0.850683 -2.951036 -1.604533  2.593938 -1.604699  8.097814 -0.852568 -0.392095 -2.327157  3.478058  2.832707 -0.853137  7.023512 -0.852687  5.213575 -3.022736
 2.361710E-01   10.936301 11.614385  4.048634 10.473163 -1.523599 -1.570755 14.649079 -0.832187 10.473656 -0.831799 10.249344  8.723944 -1.571502 10.473359 -1.571288 10.249304 -0.774072 -0.831942 12.656221 -1.583690 -2.198694 -0.829811 -2.910534 -1.570861  2.625005 -1.571063  8.124939 -0.831876 -0.447431 -2.278713  3.505349  2.877772 -0.832498  7.098933 -0.832008  5.269083 -2.972560
 2.444220E-01   10.938581 11.613756  4.051859 10.477546 -1.500177 -1.536038 14.660880 -0.810919 10.478073 -0.810498 10.253944  8.757539 -1.536869 10.477755 -1.536641 10.253902 -0.763155 -0.810655 12.672799 -1.550402 -2.171933 -0.808321 -2.868765 -1.536156  2.656867 -1.536402  8.152869 -0.810581 -0.505951 -2.228812  3.533396  2.923875 -0.811259  7.176153 -0.810726  5.325981 -2.920874
 2.526720E-01   10.940906 11.613085  4.055185 10.482046 -1.476073 -1.500311 14.672901 -0.789070 10.482608 -0.788614 10.258665  8.792013 -1.501235 10.482269 -1.500992 10.258619 -0.751913 -0.788786 12.689819 -1.516245 -2.144350 -0.786233 -2.825750 -1.500441  2.689498 -1.500737  8.181586 -0.788702 -0.567257 -2.177489  3.562179  2.970972 -0.789441  7.255086 -0.788863  5.384216 -2.867715
 2.609230E-01   10.943276 11.612370  4.058612 10.486662 -1.451293 -1.463585 14.685128 -0.766656 10.487260 -0.766162 10.263502  8.827350 -1.464611 10.486900 -1.464353 10.263454 -0.740348 -0.766350 12.707273 -1.481243 -2.115948 -0.763560 -2.781498 -1.463730  2.722883 -1.464082  8.211080 -0.766256 -0.631084 -2.124765  3.591686  3.019041 -0.767061  7.335677 -0.766433  5.443752 -2.813102
 2.691720E-01   10.945684 11.611610  4.062138 10.491388 -1.425861 -1.425895 14.697539 -0.743708 10.492024 -0.743173 10.268451  8.863512 -1.427033 10.491641 -1.426760 10.268400 -0.728472 -0.743380 12.725142 -1.445448 -2.086746 -0.740332 -2.736045 -1.426055  2.756987 -1.426473  8.241326 -0.743274 -0.697204 -2.070691  3.621887  3.068030 -0.744149  7.417821 -0.743469  5.504522 -2.757087
 2.774230E-01   10.948131 11.610802  4.065764 10.496224 -1.399780 -1.387245 14.710123 -0.720241 10.496898 -0.719662 10.273511  8.900492 -1.388507 10.496492 -1.388219 10.273456 -0.716285 -0.719889 12.743423 -1.408883 -2.056741 -0.716562 -2.689388 -1.387423  2.791805 -1.387915  8.272321 -0.719771 -0.765490 -2.015279  3.652780  3.117928 -0.720721  7.501482 -0.719985  5.566506 -2.699680
 2.856740E-01   10.950611 11.609944  4.069488 10.501165 -1.373073 -1.347668 14.722857 -0.696290 10.501878 -0.695664 10.278675  8.938256 -1.349067 10.501448 -1.348764 10.278616 -0.703796 -0.695913 12.762097 -1.371602 -2.025951 -0.692282 -2.641559 -1.347865  2.827308 -1.348443  8.304043 -0.695780 -0.835802 -1.958580  3.684339  3.168692 -0.696812  7.586564 -0.696016  5.629643 -2.640931
 2.939240E-01   10.953120 11.609035  4.073308 10.506206 -1.345760 -1.307196 14.735722 -0.671890 10.506960 -0.671214 10.283939  8.976775 -1.308746 10.506505 -1.308427 10.283877 -0.691016 -0.671487 12.781149 -1.333661 -1.994389 -0.667526 -2.592585 -1.307414  2.863468 -1.308089  8.336470 -0.671338 -0.908027 -1.900641  3.716541  3.220284 -0.672459  7.672981 -0.671599  5.693876 -2.580885
 3.021740E-01   10.955657 11.608071  4.077223 10.511346 -1.317857 -1.265851 14.748701 -0.647077 10.512141 -0.646348 10.289300  9.016026 -1.267568 10.511661 -1.267234 10.289235 -0.677949 -0.646647 12.800567 -1.295109 -1.962064 -0.642325 -2.542482 -1.266094  2.900269 -1.266878  8.369589 -0.646481 -0.982085 -1.841501  3.749372  3.272677 -0.647697  7.760667 -0.646768  5.759167 -2.519576
 3.104240E-01   10.958217 11.607051  4.081234 10.516580 -1.289384 -1.223665 14.761774 -0.621896 10.517417 -0.621108 10.294754  9.055984 -1.225567 10.516911 -1.225217 10.294685 -0.664606 -0.621438 12.820338 -1.256008 -1.928988 -0.616721 -2.491273 -1.223934  2.937691 -1.224844  8.403384 -0.621251 -1.057898 -1.781207  3.782813  3.325843 -0.622571  7.849544 -0.621567  5.825468 -2.457049
 3.186750E-01   10.960796 11.605972  4.085338 10.521904 -1.260359 -1.180666 14.774925 -0.596393 10.522785 -0.595543 10.300297  9.096629 -1.182774 10.522253 -1.182408 10.300224 -0.650994 -0.595906 12.840449 -1.216423 -1.895167 -0.590757 -2.438975 -1.180963  2.975717 -1.182016  8.437842 -0.595697 -1.135406 -1.719804  3.816851  3.379757 -0.597130  7.939549 -0.596046  5.892739 -2.393342
 3.269250E-01   10.963391 11.604832  4.089535 10.527315 -1.230812 -1.136900 14.788130 -0.570636 10.528240 -0.569718 10.305922  9.137924 -1.139237 10.527681 -1.138855 10.305846 -0.637126 -0.570120 12.860882 -1.176440 -1.860623 -0.564496 -2.385624 -1.137230  3.014318 -1.138445  8.472937 -0.569885 -1.214526 -1.657364  3.851458  3.434377 -0.571441  8.030583 -0.570270  5.960919 -2.328520
 3.351760E-01   10.965999 11.603629  4.093823 10.532809 -1.200761 -1.092399 14.801373 -0.544689 10.533780 -0.543698 10.311628  9.179852 -1.094990 10.533193 -1.094594 10.311547 -0.623010 -0.544143 12.881626 -1.136137 -1.825360 -0.537998 -2.331233 -1.092766  3.053483 -1.094165  8.508659 -0.543880 -1.295218 -1.593936  3.886625  3.489688 -0.545569  8.122591 -0.544306  6.029975 -2.262619
 3.434260E-01   10.968614 11.602361  4.098202 10.538382 -1.170240 -1.047220 14.814630 -0.518644 10.539398 -0.517574 10.317407  9.222377 -1.050095 10.538784 -1.049684 10.317323 -0.608662 -0.518068 12.902662 -1.095624 -1.789400 -0.511350 -2.275840 -1.047627  3.093184 -1.049237  8.544984 -0.517773 -1.377403 -1.529606  3.922326  3.545648 -0.519608  8.215476 -0.518244  6.099846 -2.195713
 3.516770E-01   10.971235 11.601024  4.102669 10.544030 -1.139274 -1.001403 14.827886 -0.492598 10.545093 -0.491443 10.323258  9.265484 -1.004596 10.544450 -1.004171 10.323170 -0.594091 -0.491992 12.923979 -1.055005 -1.752748 -0.484643 -2.219460 -1.001856  3.133409 -1.003706  8.581900 -0.491661 -1.461048 -1.464439  3.958550  3.602243 -0.493655  8.309184 -0.492184  6.170501 -2.127847
 3.599270E-01   10.973855 11.599617  4.107224 10.549748 -1.107901 -0.955020 14.841116 -0.466681 10.550859 -0.465434 10.329173  9.309135 -0.958571 10.550186 -0.958134 10.329081 -0.579315 -0.466049 12.945556 -1.014423 -1.715426 -0.458004 -2.162135 -0.955525  3.174131 -0.957649  8.619383 -0.465678 -1.546079 -1.398543  3.995272  3.659432 -0.467844  8.403616 -0.466257  6.241878 -2.059104
 3.681770E-01   10.976473 11.598138  4.111866 10.555533 -1.076154 -0.908137 14.854303 -0.441046 10.556692 -0.439700 10.335149  9.353308 -0.912090 10.555990 -0.911641 10.335052 -0.564349 -0.440390 12.967381 -0.974023 -1.677447 -0.431580 -2.103885 -0.908700  3.215335 -0.911139  8.657418 -0.439974 -1.632453 -1.332014  4.032478  3.717195 -0.442327  8.498708 -0.440618  6.313938 -1.989549
 3.764280E-01   10.979083 11.596582  4.116594 10.561380 -1.044070 -0.860831 14.867426 -0.415881 10.562589 -0.414429 10.341181  9.397982 -0.865238 10.561857 -0.864780 10.341080 -0.549208 -0.415206 12.989440 -0.933980 -1.638819 -0.405556 -2.044736 -0.861460  3.257007 -0.864260  8.695991 -0.414739 -1.720130 -1.264970  4.070154  3.775513 -0.417294  8.594397 -0.415455  6.386645 -1.919255
 3.846780E-01   10.981682 11.594949  4.121405 10.567285 -1.011701 -0.813212 14.880463 -0.391429 10.568544 -0.389866 10.347264  9.443121 -0.818135 10.567781 -0.817670 10.347158 -0.533917 -0.390743 13.011712 -0.894507 -1.599569 -0.380176 -1.984733 -0.813917  3.299119 -0.817132  8.735076 -0.390221 -1.809038 -1.197575  4.108274  3.834345 -0.392992  8.690583 -0.391018  6.459935 -1.848328
 3.929290E-01   10.984265 11.593236  4.126300 10.573245 -0.979090 -0.765392 14.893397 -0.367984 10.574555 -0.366303 10.353393  9.488708 -0.770901 10.573761 -0.770432 10.353283 -0.518492 -0.367299 13.034185 -0.855838 -1.559704 -0.355736 -1.923895 -0.766184  3.341663 -0.769878  8.774663 -0.366715 -1.899147 -1.129989  4.146829  3.893680 -0.369713  8.787217 -0.367601  6.533782 -1.776851
 4.011790E-01   10.986828 11.591439  4.131275 10.579254 -0.946300 -0.717532 14.906202 -0.345925 10.580615 -0.344124 10.359562  9.534707 -0.723709 10.579789 -0.723241 10.359447 -0.502963 -0.345253 13.056839 -0.818264 -1.519251 -0.332626 -1.862273 -0.718424  3.384610 -0.722672  8.814725 -0.344602 -1.990388 -1.062449  4.185794  3.953478 -0.347839  8.884200 -0.345588  6.608121 -1.704955
 4.094300E-01   10.989368 11.589557  4.136332 10.585308 -0.913388 -0.669812 14.918863 -0.325709 10.586722 -0.323788 10.365768  9.581100 -0.676753 10.585864 -0.676293 10.365649 -0.487353 -0.325069 13.079661 -0.782108 -1.478219 -0.311322 -1.799890 -0.670818  3.427953 -0.675711  8.855253 -0.324346 -2.082730 -0.995209  4.225159  4.013727 -0.327823  8.981482 -0.325438  6.682927 -1.632751
 4.176800E-01   10.991879 11.587587  4.141467 10.591402 -0.880433 -0.622486 14.931355 -0.307905 10.592869 -0.305869 10.372003  9.627852 -0.630303 10.591978 -0.629860 10.371879 -0.471698 -0.307314 13.102629 -0.747760 -1.436637 -0.292423 -1.736802 -0.623625  3.471665 -0.629267  8.896218 -0.306515 -2.176103 -0.928629  4.264898  4.074390 -0.310228  9.078965 -0.307719  6.758136 -1.560407
 4.259300E-01   10.994359 11.585526  4.146679 10.597532 -0.847517 -0.575867 14.943660 -0.293169 10.599053 -0.291032 10.378265  9.674941 -0.584688 10.598129 -0.584273 10.378136 -0.456032 -0.292644 13.125730 -0.715662 -1.394522 -0.276632 -1.673044 -0.577161  3.515731 -0.583674  8.937608 -0.291767 -2.270468 -0.863142  4.304998  4.135447 -0.295700  9.176589 -0.293085  6.833713 -1.488084
 4.341810E-01   10.996801 11.583371  4.151968 10.603694 -0.814729 -0.530369 14.955757 -0.282225 10.605270 -0.280005 10.384547  9.722347 -0.540338 10.604312 -0.539968 10.384413 -0.440394 -0.281772 13.148948 -0.686313 -1.351889 -0.264727 -1.608656 -0.531842  3.560141 -0.539369  8.979409 -0.280818 -2.365786 -0.799313  4.345449  4.196882 -0.284943  9.274293 -0.282244  6.909624 -1.415978
 4.424310E-01   10.999203 11.581120  4.157331 10.609882 -0.782189 -0.486569 14.967624 -0.275782 10.611514 -0.273506 10.390843  9.770033 -0.497840 10.610521 -0.497538 10.390705 -0.424833 -0.275396 13.172261 -0.660281 -1.308773 -0.257483 -1.543706 -0.488248  3.604867 -0.496947  9.021592 -0.274369 -2.461986 -0.737909  4.386222  4.258655 -0.278644  9.371980 -0.275889  6.985805 -1.344345
 4.506810E-01   11.001559 11.578770  4.162767 10.616092 -0.750021 -0.445223 14.979242 -0.274409 10.617781 -0.272109 10.397149  9.817977 -0.457954 10.616753 -0.457748 10.397006 -0.409401 -0.274067 13.195654 -0.638164 -1.265195 -0.255528 -1.478243 -0.447138  3.649897 -0.457176  9.064144 -0.272977 -2.559027 -0.679914  4.427306  4.320750 -0.277352  9.469592 -0.274568  7.062223 -1.273463
 4.589320E-01   11.003866 11.576319  4.168276 10.622321 -0.718370 -0.407358 14.990592 -0.278406 10.624066 -0.276116 10.403460  9.866161 -0.421684 10.623003 -0.421610 10.403312 -0.394159 -0.278077 13.219112 -0.620579 -1.221176 -0.259202 -1.412324 -0.409535  3.695219 -0.421072  9.107051 -0.276936 -2.656874 -0.626620  4.468689  4.383149 -0.281355  9.567070 -0.278569  7.138844 -1.203669
 4.671830E-01   11.006118 11.573763  4.173855 10.628563 -0.687415 -0.374352 15.001652 -0.287735 10.630365 -0.285484 10.409770  9.914553 -0.390344 10.629267 -0.390442 10.409616 -0.379179 -0.287387 13.242616 -0.608122 -1.176751 -0.268470 -1.346027 -0.376807  3.740811 -0.389958  9.150291 -0.286209 -2.755464 -0.579700  4.510350  4.445822 -0.290618  9.664332 -0.287855  7.215615 -1.135393
 4.754320E-01   11.008312 11.571101  4.179502 10.634811 -0.657365 -0.347952 15.012398 -0.302040 10.636671 -0.299854 10.416072  9.963116 -0.365564 10.635536 -0.365866 10.415913 -0.364546 -0.301652 13.266141 -0.601306 -1.131966 -0.282952 -1.279454 -0.350680  3.786646 -0.365464  9.193834 -0.300452 -2.854722 -0.541202  4.552262  4.508729 -0.304801  9.761285 -0.302084  7.292475 -1.069161
 4.836830E-01   11.010443 11.568329  4.185218 10.641063 -0.628444 -0.330147 15.022818 -0.320780 10.642982 -0.318677 10.422364 10.011848 -0.349153 10.641811 -0.349675 10.422199 -0.350347 -0.320342 13.289682 -0.600502 -1.086835 -0.302057 -1.212668 -0.333106  3.832728 -0.349387  9.237683 -0.319134 -2.954648 -0.513384  4.594429  4.571876 -0.323383  9.857906 -0.320732  7.369418 -1.005570
 4.919340E-01   11.012507 11.565445  4.190999 10.647314 -0.600934 -0.322808 15.032887 -0.343333 10.649292 -0.341324 10.428638 10.060713 -0.342793 10.648084 -0.343517 10.428468 -0.336695 -0.342847 13.313215 -0.605906 -1.041410 -0.325107 -1.145799 -0.325919  3.879032 -0.343375  9.281810 -0.341640 -3.055167 -0.498423  4.636825  4.635224 -0.345762  9.954106 -0.343192  7.446385 -0.945402
 5.001840E-01   11.014499 11.562446  4.196845 10.653558 -0.575152 -0.327020 15.042585 -0.369098 10.655596 -0.367188 10.434888 10.109679 -0.347450 10.654351 -0.348328 10.434713 -0.323713 -0.368571 13.336718 -0.617502 -0.995745 -0.351451 -1.078993 -0.330184  3.925534 -0.348352  9.326190 -0.367374 -3.156217 -0.497824  4.679428  4.698743 -0.371349 10.049806 -0.368874  7.523324 -0.889592
 5.084340E-01   11.016415 11.559329  4.202753 10.659791 -0.551451 -0.342622 15.051895 -0.397550 10.661889 -0.395741 10.441110 10.158728 -0.362976 10.660606 -0.363949 10.440929 -0.311540 -0.396994 13.360178 -0.635086 -0.949887 -0.380525 -1.012408 -0.345745  3.972224 -0.364134  9.370811 -0.395812 -3.257760 -0.511947  4.722228  4.762416 -0.399631 10.144950 -0.397256  7.600203 -0.839236
 5.166840E-01   11.018250 11.556091  4.208723 10.666007 -0.530228 -0.368344 15.060795 -0.428249 10.668166 -0.426540 10.447298 10.207836 -0.388222 10.666845 -0.389240 10.447112 -0.300332 -0.427674 13.383575 -0.658300 -0.903899 -0.411859 -0.946250 -0.371366  4.019085 -0.389566  9.415656 -0.426510 -3.359745 -0.539906  4.765208  4.826219 -0.430171 10.239475 -0.427900  7.676981 -0.795604
 5.249350E-01   11.020000 11.552731  4.214753 10.672203 -0.511907 -0.402401 15.069269 -0.460839 10.674423 -0.459225 10.453448 10.256985 -0.421556 10.673064 -0.422588 10.453255 -0.290257 -0.460255 13.406895 -0.686683 -0.857850 -0.445075 -0.880775 -0.405289  4.066109 -0.423026  9.460710 -0.459110 -3.462137 -0.579943  4.808358  4.890138 -0.462614 10.333327 -0.460447  7.753626 -0.760087
 5.331850E-01   11.021660 11.549244  4.220840 10.678373 -0.496929 -0.443007 15.077296 -0.495022 10.680654 -0.493499 10.459551 10.306138 -0.461323 10.679256 -0.462355 10.459353 -0.281499 -0.494435 13.430114 -0.719719 -0.811838 -0.479864 -0.816332 -0.445751  4.113266 -0.462882  9.505946 -0.493310 -3.564859 -0.629951  4.851652  4.954133 -0.496663 10.426420 -0.494598  7.830080 -0.734096
 5.414350E-01   11.023226 11.545629  4.226985 10.684511 -0.485718 -0.488669 15.084857 -0.530568 10.686854 -0.529132 10.465603 10.355279 -0.506119 10.685417 -0.507148 10.465400 -0.274242 -0.529985 13.453216 -0.756889 -0.765964 -0.515988 -0.753352 -0.491273  4.160548 -0.507746  9.551351 -0.528879 -3.667874 -0.687933  4.895079  5.018188 -0.532088 10.518703 -0.530122  7.906312 -0.718873
 5.496860E-01   11.024694 11.541883  4.233185 10.690614 -0.478653 -0.538232 15.091936 -0.567293 10.693019 -0.565939 10.471601 10.404390 -0.554843 10.691543 -0.555871 10.471391 -0.268669 -0.566719 13.476187 -0.797702 -0.720354 -0.553261 -0.692407 -0.540705  4.207943 -0.556526  9.596913 -0.565632 -3.771145 -0.752196  4.938630  5.082288 -0.568704 10.610127 -0.566832  7.982292 -0.715295
 5.579370E-01   11.026059 11.538003  4.239438 10.696676 -0.476029 -0.590823 15.098513 -0.605042 10.699145 -0.603764 10.477536 10.453442 -0.606646 10.697628 -0.607678 10.477321 -0.264947 -0.604480 13.499006 -0.841695 -0.675173 -0.591523 -0.634278 -0.593177  4.255431 -0.608381  9.642608 -0.603410 -3.874610 -0.821379  4.982283  5.146402 -0.606353 10.700621 -0.604571  8.057971 -0.723702
 5.661880E-01   11.027316 11.533986  4.245743 10.702693 -0.478025 -0.645797 15.104571 -0.643690 10.705224 -0.642483 10.483404 10.502412 -0.660898 10.703667 -0.661936 10.483183 -0.263212 -0.643140 13.521654 -0.888458 -0.630627 -0.630651 -0.580004 -0.648045  4.302995 -0.662680  9.688420 -0.642087 -3.978219 -0.894432  5.026023  5.210508 -0.644908 10.790126 -0.643213  8.133311 -0.743824
 5.744370E-01   11.028461 11.529831  4.252097 10.708657 -0.484682 -0.702663 15.110091 -0.683123 10.711252 -0.681983 10.489197 10.551267 -0.717107 10.709655 -0.718155 10.488970 -0.263563 -0.682588 13.544108 -0.937619 -0.586984 -0.670533 -0.530972 -0.704817  4.350610 -0.718936  9.734320 -0.681549 -4.081898 -0.970538  5.069825  5.274565 -0.684258 10.878563 -0.682643  8.208256 -0.774853
 5.826880E-01   11.029490 11.525533  4.258501 10.714567 -0.495907 -0.761089 15.115058 -0.723275 10.717225 -0.722197 10.494913 10.600007 -0.774938 10.715588 -0.775999 10.494680 -0.266047 -0.722755 13.566361 -0.988889 -0.544557 -0.711104 -0.488930 -0.763159  4.398282 -0.776813  9.780312 -0.721730 -4.185649 -1.049120  5.113694  5.338584 -0.724332 10.965920 -0.722794  8.282804 -0.815651
 5.909380E-01   11.030398 11.521091  4.264951 10.720415 -0.511482 -0.820781 15.119453 -0.764058 10.723138 -0.763038 10.500545 10.648593 -0.834093 10.721459 -0.835168 10.500306 -0.270658 -0.763553 13.588387 -1.041976 -0.503797 -0.752279 -0.456027 -0.822776  4.445978 -0.836013  9.826363 -0.762541 -4.289383 -1.129680  5.157600  5.402517 -0.765043 11.052108 -0.763577  8.356891 -0.864901
 5.991890E-01   11.031182 11.516502  4.271447 10.726199 -0.531106 -0.881540 15.123262 -0.805420 10.728986 -0.804455 10.506087 10.697016 -0.894366 10.727266 -0.895457 10.505842 -0.277344 -0.804930 13.610174 -1.096661 -0.465258 -0.794006 -0.434519 -0.883470  4.493696 -0.896331  9.872468 -0.803929 -4.393079 -1.211868  5.201539  5.466357 -0.806338 11.137097 -0.804941  8.430498 -0.921318
 6.074390E-01   11.031836 11.511763  4.277986 10.731911 -0.554416 -0.943184 15.126466 -0.847297 10.734762 -0.846383 10.511534 10.745243 -0.955571 10.733001 -0.956679 10.511283 -0.286004 -0.846822 13.631698 -1.152729 -0.429681 -0.836225 -0.426309 -0.945055  4.541408 -0.957579  9.918597 -0.845831 -4.496662 -1.295373  5.245485  5.530066 -0.848153 11.220812 -0.846820  8.503572 -0.983701
 6.156900E-01   11.032356 11.506872  4.284568 10.737549 -0.581035 -1.005593 15.129052 -0.889653 10.740464 -0.888787 10.516881 10.793264 -1.017580 10.738661 -1.018706 10.516623 -0.296515 -0.889192 13.652947 -1.210018 -0.397989 -0.878900 -0.432300 -1.007412  4.589111 -1.019632  9.964745 -0.888211 -4.600109 -1.379981  5.289434  5.593638 -0.890450 11.303225 -0.889178  8.576094 -1.051030
 6.239400E-01   11.032739 11.501827  4.291188 10.743105 -0.610583 -1.068642 15.131003 -0.932435 10.746085 -0.931615 10.522120 10.841047 -1.080264 10.744240 -1.081408 10.521857 -0.308726 -0.931987 13.673899 -1.268363 -0.371325 -0.921983 -0.452051 -1.070413  4.636777 -1.082359 10.010885 -0.931015 -4.703348 -1.465481  5.333362  5.657033 -0.933177 11.384265 -0.931963  8.648011 -1.122418
 6.321900E-01   11.032979 11.496625  4.297848 10.748576 -0.642707 -1.132244 15.132304 -0.975613 10.751621 -0.974835 10.527249 10.888579 -1.143533 10.749734 -1.144696 10.526979 -0.322485 -0.975177 13.694537 -1.327639 -0.350969 -0.965441 -0.483976 -1.133974  4.684399 -1.145670 10.057005 -0.974212 -4.806343 -1.551724  5.377259  5.720238 -0.976302 11.463896 -0.975142  8.719299 -1.197148
 6.404410E-01   11.033073 11.491262  4.304544 10.753957 -0.677088 -1.196330 15.132941 -1.019157 10.757067 -1.018419 10.532260 10.935844 -1.207313 10.755137 -1.208495 10.531985 -0.337640 -1.018733 13.714848 -1.387738 -0.338196 -1.009250 -0.525944 -1.198022  4.731966 -1.209492 10.103095 -1.017775 -4.909061 -1.638586  5.421115  5.783239 -1.019796 11.542080 -1.018688  8.789932 -1.274635
 6.486910E-01   11.033016 11.485739  4.311275 10.759242 -0.713431 -1.260817 15.132900 -1.063026 10.762418 -1.062328 10.537149 10.982813 -1.271518 10.760445 -1.272718 10.536868 -0.354043 -1.062614 13.734810 -1.448542 -0.334009 -1.053370 -0.575808 -1.262475  4.779453 -1.273737 10.149128 -1.061662 -5.011428 -1.725931  5.464908  5.845996 -1.063618 11.618755 -1.062559  8.859860 -1.354372
 6.569420E-01   11.032805 11.480050  4.318041 10.764428 -0.751491 -1.325661 15.132167 -1.107205 10.767669 -1.106542 10.541911 11.029478 -1.336100 10.765654 -1.337320 10.541623 -0.371562 -1.106802 13.754409 -1.509976 -0.338840 -1.097784 -0.631748 -1.327288  4.826856 -1.338359 10.195098 -1.105856 -5.113425 -1.813680  5.508632  5.908505 -1.107750 11.693897 -1.106739  8.929067 -1.435977
 6.651910E-01   11.032434 11.474195  4.324836 10.769508 -0.791034 -1.390787 15.130728 -1.151651 10.772814 -1.151022 10.546538 11.075802 -1.400982 10.770756 -1.402220 10.546244 -0.390068 -1.151257 13.773622 -1.571936 -0.352419 -1.142453 -0.692297 -1.392385  4.874144 -1.403279 10.240973 -1.150316 -5.214968 -1.901714  5.552258  5.970720 -1.152152 11.767437 -1.151185  8.997497 -1.519089
 6.734420E-01   11.031901 11.468170  4.331662 10.774479 -0.831891 -1.456177 15.128571 -1.196361 10.777851 -1.195765 10.551028 11.121790 -1.466145 10.775749 -1.467402 10.550728 -0.409462 -1.195975 13.792441 -1.634379 -0.373887 -1.187374 -0.756383 -1.457750  4.921324 -1.468481 10.286761 -1.195039 -5.316061 -1.989995  5.595795  6.032651 -1.196819 11.839371 -1.195894  9.065151 -1.603471
 6.816930E-01   11.031201 11.461974  4.338517 10.779336 -0.873887 -1.521775 15.125683 -1.241302 10.782773 -1.240737 10.555374 11.167413 -1.531529 10.780628 -1.532805 10.555068 -0.429642 -1.240924 13.810846 -1.697225 -0.402055 -1.232516 -0.823170 -1.523324  4.968372 -1.533902 10.332433 -1.239992 -5.416634 -2.078433  5.639217  6.094260 -1.241719 11.909644 -1.240835  9.131981 -1.688873
 6.899440E-01   11.030330 11.455604  4.345398 10.784074 -0.916882 -1.587539 15.122052 -1.286453 10.787576 -1.285918 10.559571 11.212654 -1.597093 10.785387 -1.598387 10.559259 -0.450524 -1.286082 13.828819 -1.760413 -0.435686 -1.277858 -0.892040 -1.589068  5.015273 -1.599503 10.377975 -1.285153 -5.516644 -2.166962  5.682510  6.155526 -1.286830 11.978220 -1.285985  9.197960 -1.775097
 6.981940E-01   11.029285 11.449059  4.352303 10.788687 -0.960748 -1.653427 15.117668 -1.331789 10.792254 -1.331282 10.563614 11.257489 -1.662791 10.790022 -1.664103 10.563295 -0.472031 -1.331423 13.846342 -1.823881 -0.473664 -1.323375 -0.962522 -1.654936  5.062007 -1.665236 10.423366 -1.330498 -5.616034 -2.255512  5.725658  6.216421 -1.332126 12.045057 -1.331319  9.263048 -1.861965
 7.064440E-01   11.028061 11.442336  4.359231 10.793172 -1.005384 -1.719412 15.112518 -1.377296 10.796803 -1.376815 10.567497 11.301908 -1.728595 10.794528 -1.729925 10.567173 -0.494101 -1.376935 13.863401 -1.887585 -0.515069 -1.369055 -1.034268 -1.720903  5.108566 -1.731075 10.468596 -1.376012 -5.714774 -2.344037  5.768650  6.276932 -1.377595 12.110131 -1.376823  9.327227 -1.949342
 7.146950E-01   11.026655 11.435432  4.366181 10.797524 -1.050703 -1.785469 15.106592 -1.422961 10.801220 -1.422506 10.571217 11.345899 -1.794480 10.798901 -1.795827 10.570887 -0.516680 -1.422604 13.879983 -1.951486 -0.559177 -1.414885 -1.107014 -1.786943  5.154941 -1.796995 10.513657 -1.421684 -5.812832 -2.432497  5.811481  6.337044 -1.423222 12.173419 -1.422485  9.390477 -2.037113
 7.229450E-01   11.025062 11.428346  4.373149 10.801738 -1.096614 -1.851553 15.099881 -1.468755 10.805498 -1.468324 10.574768 11.389435 -1.860400 10.803135 -1.861764 10.574431 -0.539712 -1.468401 13.896067 -2.015525 -0.605412 -1.460838 -1.180525 -1.853012  5.201108 -1.862947 10.558523 -1.467483 -5.910143 -2.520821  5.854126  6.396724 -1.468979 12.234878 -1.468275  9.452755 -2.125145
 7.311950E-01   11.023280 11.421076  4.380135 10.805809 -1.143050 -1.917642 15.092375 -1.514667 10.809634 -1.514260 10.578144 11.432508 -1.926331 10.807227 -1.927711 10.577801 -0.563157 -1.514315 13.911640 -2.079668 -0.653342 -1.506901 -1.254635 -1.919086  5.247058 -1.928910 10.603184 -1.513400 -6.006677 -2.608974  5.896577  6.455958 -1.514855 12.294488 -1.514183  9.514043 -2.213349
 7.394460E-01   11.021305 11.413619  4.387138 10.809734 -1.189953 -1.983717 15.084064 -1.560686 10.813623 -1.560301 10.581341 11.475106 -1.992253 10.811172 -1.993650 10.580993 -0.586979 -1.560335 13.926688 -2.143885 -0.702638 -1.553066 -1.329213 -1.985148  5.292784 -1.994864 10.647633 -1.559422 -6.102405 -2.696923  5.938828  6.514733 -1.560839 12.352231 -1.560197  9.574323 -2.301647
 7.476960E-01   11.019132 11.405974  4.394154 10.813506 -1.237258 -2.049734 15.074941 -1.606785 10.817459 -1.606421 10.584355 11.517204 -2.058124 10.814965 -2.059537 10.584000 -0.611137 -1.606435 13.941193 -2.208123 -0.753027 -1.599304 -1.404124 -2.051153  5.338261 -2.060766 10.691844 -1.605524 -6.197265 -2.784603  5.980855  6.573015 -1.606902 12.408071 -1.606290  9.633556 -2.389939
 7.559470E-01   11.016759 11.398139  4.401184 10.817124 -1.284923 -2.115685 15.064996 -1.652959 10.821140 -1.652616 10.587180 11.558799 -2.123933 10.818602 -2.125361 10.586819 -0.635608 -1.652609 13.955144 -2.272364 -0.804314 -1.645613 -1.479286 -2.117093  5.383487 -2.126604 10.735814 -1.651699 -6.291238 -2.871996  6.022657  6.630799 -1.653042 12.462001 -1.652458  9.691734 -2.478172
 7.641960E-01   11.014183 11.390113  4.408222 10.820581 -1.332888 -2.181521 15.054226 -1.699177 10.824660 -1.698853 10.589811 11.599861 -2.189630 10.822077 -2.191073 10.589444 -0.660356 -1.698826 13.968520 -2.336552 -0.856320 -1.691961 -1.554590 -2.182918  5.428432 -2.192330 10.779514 -1.697918 -6.384254 -2.959032  6.064205  6.688045 -1.699226 12.513981 -1.698669  9.748813 -2.566248
 7.724470E-01   11.011399 11.381891  4.415271 10.823874 -1.381132 -2.247250 15.042618 -1.745447 10.828016 -1.745141 10.592245 11.640396 -2.255223 10.825389 -2.256681 10.591873 -0.685367 -1.745094 13.981315 -2.400686 -0.908938 -1.738355 -1.629997 -2.248636  5.473105 -2.257951 10.822951 -1.744187 -6.476319 -3.045715  6.105509  6.744761 -1.745461 12.564021 -1.744930  9.804799 -2.654147
