                      PEP       PEP       NTE       CTE       ALA       ARG       ARG       ASP       ASP       ASN       ASN       CYS       GLU       GLU       GLN       GLN       GLY       HIS       HIS       ILE       ILE       LEU       LEU       LYS       LYS       MET       MET       PHE       PHE       PRO       SER       THR       TRP       TRP       TYR       TYR       VAL
 0.000000E+00   10.900960 11.621160  4.002340 10.408200 -1.864320 -2.076280 14.463900 -1.144120 10.408200 -1.144120 10.180760  0.000000 -2.076280 10.408200 -2.076280 10.180760 -0.932160 -1.144120 10.969800 -2.076280 -2.584520 -1.144120 -3.516680 -2.076280  2.138020 -2.076280  7.714200 -1.144120 -0.551560 -3.008440  3.085660  2.153500  0.000000  0.000000 -1.144120  4.398420 -3.728640
 0.208700E-01   10.901249 11.621113  4.002722 10.408729 -1.861595 -2.072259 14.465480 -1.141567 10.408731 -1.141585 10.181314  0.000000 -2.072233 10.408731 -2.072221 10.181312 -0.930894 -1.141582 10.972518 -2.072308 -2.581458 -1.141605 -3.511834 -2.072253  2.142165 -2.072258  7.717535 -1.141582 -0.544502 -3.002599  3.088928  2.159881  0.000000  0.000000 -1.141607  4.405778 -3.722560
 0.257620E-01   10.901400 11.621088  4.002923 10.409005 -1.860168 -2.070153 14.466307 -1.140231 10.409009 -1.140258 10.181603  0.000000 -2.070114 10.409009 -2.070096 10.181601 -0.930231 -1.140254 10.973941 -2.070228 -2.579854 -1.140289 -3.509297 -2.070145  2.144333 -2.070152  7.719281 -1.140252 -0.540811 -2.999542  3.090638  2.163217  0.000000  0.000000 -1.140292  4.409628 -3.719377
 0.374980E-01   10.901891 11.621007  4.003574 10.409905 -1.855526 -2.063305 14.468993 -1.135883 10.409912 -1.135941 10.182546  0.000000 -2.063223 10.409913 -2.063184 10.182541 -0.928074 -1.135932 10.978569 -2.063465 -2.574638 -1.136006 -3.501044 -2.063288  2.151378 -2.063301  7.724958 -1.135929 -0.528831 -2.989596  3.096199  2.174047  0.000000  0.000000 -1.136013  4.422137 -3.709024
 0.492380E-01   10.902564 11.620895  4.004467 10.411137 -1.849165 -2.053921 14.472666 -1.129925 10.411149 -1.130025 10.183836  0.000000 -2.053779 10.411150 -2.053713 10.183827 -0.925118 -1.130009 10.984908 -2.054201 -2.567488 -1.130137 -3.489735 -2.053891  2.161010 -2.053914  7.732734 -1.130004 -0.512476 -2.975968  3.103812  2.188830  0.000000  0.000000 -1.130149  4.439245 -3.694839
 0.609770E-01   10.903415 11.620750  4.005600 10.412700 -1.841092 -2.042013 14.477314 -1.122364 10.412718 -1.122518 10.185472  0.000000 -2.041795 10.412720 -2.041693 10.185459 -0.921366 -1.122493 10.992947 -2.042449 -2.558412 -1.122690 -3.475382 -2.041968  2.173200 -2.042002  7.742598 -1.122486 -0.491835 -2.958678  3.113462  2.207501  0.000000  0.000000 -1.122708  4.460900 -3.676842
 0.727150E-01   10.904442 11.620571  4.006974 10.414591 -1.831315 -2.027593 14.482925 -1.113205 10.414617 -1.113425 10.187451  0.000000 -2.027282 10.414619 -2.027137 10.187432 -0.916820 -1.113389 11.002677 -2.028224 -2.547416 -1.113672 -3.457998 -2.027528  2.187913 -2.027575  7.754535 -1.113379 -0.467028 -2.937742  3.125133  2.229980  0.000000  0.000000 -1.113698  4.487045 -3.655051
 0.844530E-01   10.905644 11.620358  4.008586 10.416807 -1.819840 -2.010674 14.489483 -1.102456 10.416842 -1.102754 10.189770  0.000000 -2.010252 10.416845 -2.010055 10.189745 -0.911484 -1.102706 11.014086 -2.011542 -2.534507 -1.103090 -3.437598 -2.010585  2.205109 -2.010646  7.768532 -1.102693 -0.438230 -2.913179  3.138806  2.256179  0.000000  0.000000 -1.103126  4.517614 -3.629487
 0.961950E-01   10.907018 11.620106  4.010438 10.419347 -1.806673 -1.991263 14.496971 -1.090121 10.419393 -1.090511 10.192427  0.000000 -1.990714 10.419397 -1.990458 10.192394 -0.905358 -1.090448 11.027164 -1.992416 -2.519688 -1.090949 -3.414189 -1.991147  2.224749 -1.991222  7.784576 -1.090431 -0.405685 -2.885005  3.154464  2.286009  0.000000  0.000000 -1.090997  4.552541 -3.600166
 0.107930E+00   10.908558 11.619816  4.012526 10.422204 -1.791839 -1.969398 14.505362 -1.076223 10.422262 -1.076718 10.195415  0.000000 -1.968704 10.422267 -1.968380 10.195373 -0.898454 -1.076638 11.041882 -1.970889 -2.502983 -1.077273 -3.387813 -1.969251  2.246765 -1.969341  7.802634 -1.076616 -0.369819 -2.853275  3.172068  2.319330  0.000000  0.000000 -1.077335  4.591706 -3.567147
 0.119670E+00   10.910263 11.619483  4.014850 10.425378 -1.775334 -1.945078 14.514640 -1.060758 10.425448 -1.061373 10.198731  0.000000 -1.944220 10.425454 -1.943820 10.198680 -0.890769 -1.061275 11.058235 -1.946966 -2.484387 -1.062062 -3.358468 -1.944895  2.271122 -1.944999  7.822700 -1.061247 -0.331229 -2.817989  3.191605  2.356062  0.000000  0.000000 -1.062141  4.635053 -3.530430
 0.131400E+00   10.912126 11.619105  4.017408 10.428859 -1.757195 -1.918359 14.524767 -1.043762 10.428943 -1.044511 10.202368  0.000000 -1.917319 10.428951 -1.916834 10.202305 -0.882320 -1.044392 11.076182 -1.920710 -2.463937 -1.045350 -3.326217 -1.918136  2.297730 -1.918251  7.844722 -1.044358 -0.291029 -2.779230  3.213020  2.396033  0.000000  0.000000 -1.045449  4.682420 -3.490103
 0.143150E+00   10.914146 11.618679  4.020203 10.432652 -1.737390 -1.889195 14.535741 -1.025203 10.432752 -1.026103 10.206328  0.000000 -1.887952 10.432761 -1.887373 10.206253 -0.873089 -1.025960 11.095748 -1.892083 -2.441593 -1.027110 -3.291001 -1.888926  2.326598 -1.889051  7.868733 -1.025919 -0.251024 -2.736935  3.236338  2.439227  0.000000  0.000000 -1.027231  4.733825 -3.446100
 0.154880E+00   10.916313 11.618202  4.023225 10.436738 -1.716004 -1.857713 14.547493 -1.005161 10.436856 -1.006229 10.210593  0.000000 -1.856247 10.436866 -1.855565 10.210505 -0.863115 -1.006060 11.116841 -1.861221 -2.417444 -1.007423 -3.252969 -1.857393  2.357564 -1.857523  7.894623 -1.006012 -0.214891 -2.691289  3.261444  2.485372  0.000000  0.000000 -1.007570  4.788977 -3.398616
 0.166620E+00   10.918626 11.617670  4.026479 10.441123 -1.693003 -1.823866 14.560020 -0.983605 10.441259 -0.984859 10.215165  0.000000 -1.822156 10.441270 -1.821360 10.215063 -0.852381 -0.984662 11.139487 -1.828091 -2.391448 -0.986260 -3.212060 -1.823491  2.390639 -1.823621  7.922423 -0.984605 -0.188894 -2.642228  3.288362  2.534456  0.000000  0.000000 -0.986438  4.847895 -3.347585
 0.178350E+00   10.921075 11.617080  4.029959 10.445792 -1.668448 -1.787747 14.573264 -0.960591 10.445947 -0.962052 10.220031  0.000000 -1.785770 10.445961 -1.784851 10.219914 -0.840914 -0.961823 11.163618 -1.792795 -2.363666 -0.963681 -3.168378 -1.787309  2.425698 -1.787432  7.952055 -0.961757 -0.182084 -2.589888  3.317009  2.586271  0.000000  0.000000 -0.963895  4.910352 -3.293148
 0.190100E+00   10.923659 11.616426  4.033671 10.450752 -1.642296 -1.749296 14.587222 -0.936081 10.450927 -0.937771 10.225195  0.000000 -1.747027 10.450943 -1.745973 10.225062 -0.828693 -0.937507 11.189269 -1.755290 -2.334043 -0.939653 -3.121844 -1.748789  2.462767 -1.748896  7.983560 -0.937431 -0.200738 -2.534184  3.347420  2.640831  0.000000  0.000000 -0.939908  4.976386 -3.235220
 0.201820E+00   10.926362 11.615706  4.037597 10.455973 -1.614685 -1.708720 14.601795 -0.910205 10.456170 -0.912147 10.230627  0.000000 -1.706135 10.456188 -1.704935 10.230477 -0.815779 -0.911845 11.216295 -1.715797 -2.302729 -0.914307 -3.072700 -1.708136  2.501616 -1.708217  8.016767 -0.911758 -0.242515 -2.475419  3.379422  2.697778  0.000000  0.000000 -0.914610  5.045581 -3.174114
 0.213550E+00   10.929185 11.614914  4.041748 10.461465 -1.585553 -1.665928 14.616988 -0.882905 10.461686 -0.885127 10.236337  0.000000 -1.662999 10.461705 -1.661640 10.236168 -0.802143 -0.884784 11.244751 -1.674248 -2.269640 -0.887594 -3.020827 -1.665260  2.542307 -1.665302  8.051745 -0.884684 -0.300910 -2.413464  3.413077  2.757186  0.000000  0.000000 -0.887952  5.118034 -3.109698
 0.225300E+00   10.932122 11.614044  4.046126 10.467227 -1.554897 -1.620923 14.632774 -0.854183 10.467472 -0.856716 10.242322  0.000000 -1.617619 10.467494 -1.616088 10.242133 -0.787780 -0.856327 11.274630 -1.630669 -2.234766 -0.859520 -2.966214 -1.620161  2.584812 -1.620148  8.088491 -0.856213 -0.370716 -2.348324  3.448375  2.818999  0.000000  0.000000 -0.859944  5.193683 -3.041977
 0.237030E+00   10.935157 11.613093  4.050713 10.473230 -1.522854 -1.573909 14.649052 -0.824170 10.473501 -0.827046 10.248551  0.000000 -1.570199 10.473525 -1.568481 10.248341 -0.772754 -0.826608 11.305795 -1.585284 -2.198248 -0.830224 -2.909094 -1.573042  2.628920 -1.572957  8.126840 -0.826478 -0.448547 -2.280295  3.485154  2.882896  0.000000  0.000000 -0.830723  5.272137 -2.971259
 0.248750E+00   10.938284 11.612057  4.055509 10.479471 -1.489436 -1.524908 14.665789 -0.792882 10.479769 -0.796140 10.255019  0.000000 -1.520757 10.479795 -1.518836 10.254787 -0.757067 -0.795648 11.338225 -1.538149 -2.160086 -0.799731 -2.849477 -1.523926  2.674595 -1.523745  8.166774 -0.795501 -0.532672 -2.209411  3.523391  2.948817  0.000000  0.000000 -0.800317  5.353316 -2.897577
 0.260500E+00   10.941504 11.610926  4.060530 10.485961 -1.454563 -1.473808 14.682992 -0.760253 10.486288 -0.763938 10.261740  0.000000 -1.469176 10.486316 -1.467034 10.261484 -0.740679 -0.763385 11.371996 -1.489194 -2.120173 -0.767986 -2.787206 -1.472698  2.721931 -1.472394  8.208390 -0.763219 -0.622358 -2.135510  3.563176  3.016890  0.000000  0.000000 -0.768677  5.437368 -2.820762
 0.272220E+00   10.944792 11.609700  4.065747 10.492660 -1.418453 -1.420937 14.700526 -0.726497 10.493016 -0.730659 10.268667  0.000000 -1.415781 10.493047 -1.413399 10.268387 -0.723691 -0.730041 11.406891 -1.438777 -2.078740 -0.735215 -2.722653 -1.419684  2.770623 -1.419226  8.251430 -0.729853 -0.716497 -2.059063  3.604259  3.086667  0.000000  0.000000 -0.736027  5.523727 -2.741299
 0.283950E+00   10.948151 11.608368  4.071173 10.499579 -1.381030 -1.366192 14.718396 -0.691560 10.499965 -0.696257 10.275813  0.000000 -1.360462 10.499999 -1.357817 10.275507 -0.706066 -0.695567 11.442982 -1.386852 -2.035677 -0.701380 -2.655660 -1.364778  2.820770 -1.364129  8.295992 -0.695355 -0.814957 -1.979920  3.646730  3.158286  0.000000  0.000000 -0.702336  5.612545 -2.659027
 0.295700E+00   10.951573 11.606925  4.076812 10.506715 -1.342306 -1.309600 14.736566 -0.655474 10.507133 -0.660777 10.283174  0.000000 -1.303240 10.507170 -1.300307 10.282841 -0.687804 -0.660007 11.480260 -1.333510 -1.990974 -0.666535 -2.586221 -1.308006  2.872357 -1.307121  8.342071 -0.659767 -0.917516 -1.898116  3.690582  3.231722  0.000000  0.000000 -0.667664  5.703772 -2.573974
 0.307420E+00   10.955035 11.605368  4.082635 10.514028 -1.302501 -1.251497 14.754906 -0.618474 10.514478 -0.624465 10.290707  0.000000 -1.244445 10.514518 -1.241195 10.290345 -0.669008 -0.623606 11.518517 -1.279142 -1.944854 -0.630934 -2.514697 -1.249699  2.925103 -1.248526  8.389421 -0.623334 -1.023477 -1.814126  3.735581  3.306571  0.000000  0.000000 -0.632269  5.796881 -2.486624
 0.319150E+00   10.958538 11.603688  4.088660 10.521531 -1.261540 -1.191792 14.773421 -0.580537 10.522015 -0.587314 10.298424  0.000000 -1.183974 10.522058 -1.180373 10.298032 -0.649639 -0.586357 11.557832 -1.223754 -1.897197 -0.594585 -2.440914 -1.189764  2.979123 -1.188238  8.438152 -0.586047 -1.132983 -1.727811  3.781829  3.382997  0.000000  0.000000 -0.596170  5.892050 -2.396813
 0.330880E+00   10.962068 11.601879  4.094877 10.529208 -1.219522 -1.130656 14.792041 -0.541818 10.529726 -0.549500 10.306306  0.000000 -1.121985 10.529773 -1.117995 10.305884 -0.629741 -0.548434 11.598124 -1.167615 -1.848076 -0.557679 -2.365003 -1.128365  3.034316 -1.126411  8.488174 -0.548080 -1.245757 -1.639401  3.829241  3.460852  0.000000  0.000000 -0.559570  5.989066 -2.304756
 0.342600E+00   10.965613 11.599936  4.101278 10.537039 -1.176557 -1.068285 14.810693 -0.502512 10.537594 -0.511244 10.314335  0.000000 -1.058661 10.537643 -1.054236 10.313880 -0.609362 -0.510055 11.639306 -1.111038 -1.797572 -0.520454 -2.287102 -1.065691  3.090576 -1.063216  8.539392 -0.509650 -1.361532 -1.549156  3.877727  3.539988  0.000000  0.000000 -0.522720  6.087711 -2.210688
 0.354350E+00   10.969174 11.597845  4.107881 10.545042 -1.132580 -1.004633 14.829383 -0.462699 10.545633 -0.472659 10.322525  0.000000 -0.993931 10.545686 -0.989015 10.322035 -0.588467 -0.471335 11.681469 -1.054148 -1.745547 -0.483048 -2.207016 -1.001688  3.148039 -0.998580  8.591934 -0.470868 -1.480551 -1.456981  3.927409  3.620596  0.000000  0.000000 -0.485783  6.188193 -2.114455
 0.366070E+00   10.972721 11.595610  4.114650 10.553163 -1.087909 -0.940235 14.847959 -0.422875 10.553792 -0.434277 10.330821  0.000000 -0.928312 10.553849 -0.922841 10.330296 -0.567203 -0.432804 11.724344 -0.997622 -1.692307 -0.446006 -2.125235 -0.936881  3.206359 -0.933003  8.645479 -0.432260 -1.602055 -1.363605  3.977984  3.702189  0.000000  0.000000 -0.449329  6.289868 -2.016744
 0.377800E+00   10.976255 11.593216  4.121602 10.561418 -1.042502 -0.875137 14.866424 -0.383318 10.562086 -0.396425 10.339236  0.000000 -0.861811 10.562146 -0.855706 10.338674 -0.545545 -0.394790 11.768021 -0.941743 -1.637718 -0.409680 -2.041569 -0.871299  3.265677 -0.866482  8.700156 -0.394153 -1.726306 -1.269032  4.029577  3.784964  0.000000  0.000000 -0.413748  6.392949 -1.917445
 0.389520E+00   10.979759 11.590660  4.128722 10.569781 -0.996563 -0.809788 14.884689 -0.344696 10.570488 -0.359815 10.347744  0.000000 -0.794838 10.570552 -0.788003 10.347144 -0.523583 -0.358010 11.812371 -0.887190 -1.581917 -0.374789 -1.956253 -0.805371  3.325839 -0.799408  8.755819 -0.357257 -1.852946 -1.173829  4.082052  3.868706  0.000000  0.000000 -0.379801  6.497129 -1.816985
 0.401250E+00   10.983227 11.587932  4.136019 10.578252 -0.950161 -0.744524 14.902727 -0.307834 10.579001 -0.325308 10.356344  0.000000 -0.727671 10.579069 -0.719988 10.355704 -0.501343 -0.323336 11.857412 -0.834595 -1.524858 -0.342185 -1.869239 -0.739406  3.386895 -0.732033  8.812512 -0.322439 -1.982050 -1.078361  4.135451  3.953486  0.000000  0.000000 -0.348383  6.602459 -1.715491
 0.412970E+00   10.986642 11.585027  4.143476 10.586807 -0.903551 -0.680060 14.920447 -0.274132 10.587596 -0.294279 10.365008  0.000000 -0.660957 10.587669 -0.652285 10.364326 -0.478936 -0.292163 11.903011 -0.784943 -1.466689 -0.313178 -1.780782 -0.674082  3.448688 -0.664979  8.870084 -0.291088 -2.113255 -0.983499  4.189638  4.039085  0.000000  0.000000 -0.320819  6.708630 -1.613496
 0.424700E+00   10.989997 11.581934  4.151102 10.595445 -0.856864 -0.617132 14.937820 -0.245504 10.596277 -0.268495 10.373736  0.000000 -0.595338 10.596353 -0.585507 10.373011 -0.456415 -0.266283 11.949187 -0.739244 -1.407366 -0.289396 -1.690848 -0.610083  3.511275 -0.598846  8.928582 -0.265002 -2.246645 -0.890065  4.244658  4.125578  0.000000  0.000000 -0.298675  6.815697 -1.511262
 0.436400E+00   10.993269 11.578655  4.158865 10.604125 -0.810516 -0.557138 14.954729 -0.224712 10.605000 -0.250330 10.382482  0.000000 -0.532125 10.605081 -0.520946 10.381713 -0.433962 -0.248090 11.995724 -0.698946 -1.347157 -0.272960 -1.599877 -0.548747  3.574388 -0.534900  8.987752 -0.246604 -2.381617 -0.799772  4.300275  4.212599  0.000000  0.000000 -0.283857  6.923168 -1.409681
 0.448150E+00   10.996469 11.575162  4.166815 10.612892 -0.764503 -0.501387 14.971231 -0.214672 10.613812 -0.242114 10.391293  0.000000 -0.472520 10.613897 -0.459793 10.390478 -0.411553 -0.239901 12.042880 -0.665289 -1.285712 -0.265893 -1.507392 -0.491304  3.638412 -0.474280  9.047946 -0.238262 -2.518960 -0.714063  4.356827  4.300675  0.000000  0.000000 -0.278033  7.031655 -1.308747
 0.459850E+00   10.999556 11.571475  4.174881 10.621659 -0.719604 -0.452764 14.987125 -0.217681 10.622624 -0.245607 10.400078  0.000000 -0.419466 10.622713 -0.405059 10.399215 -0.389539 -0.243437 12.090196 -0.640160 -1.223628 -0.269710 -1.414351 -0.440611  3.702754 -0.419869  9.108600 -0.241755 -2.657362 -0.636669  4.413785  4.388986  0.000000  0.000000 -0.282358  7.140110 -1.210201
 0.471580E+00   11.002540 11.567562  4.183112 10.630473 -0.675991 -0.414162 15.002465 -0.233871 10.631483 -0.260919 10.408882  0.000000 -0.376181 10.631577 -0.360125 10.407970 -0.367963 -0.258795 12.137932 -0.624905 -1.160568 -0.284520 -1.320323 -0.399636  3.767802 -0.374771  9.170075 -0.257183 -2.797624 -0.571367  4.471492  4.478067  0.000000  0.000000 -0.296898  7.249153 -1.114521
 0.483300E+00   11.005398 11.563429  4.191477 10.639288 -0.634413 -0.389584 15.017138 -0.261342 10.640345 -0.286614 10.417660  0.000000 -0.347691 10.640444 -0.330359 10.416697 -0.347140 -0.284559 12.185867 -0.620836 -1.096840 -0.309111 -1.225871 -0.372758  3.833289 -0.343820  9.232110 -0.283084 -2.939130 -0.524126  4.529709  4.567547  0.000000  0.000000 -0.320695  7.358291 -1.023569
 0.495000E+00   11.008116 11.559072  4.199963 10.648085 -0.595635 -0.382492 15.031077 -0.297395 10.649189 -0.320546 10.426389  0.000000 -0.339021 10.649293 -0.321192 10.425373 -0.327380 -0.318597 12.233896 -0.628593 -1.032612 -0.341625 -1.131385 -0.364111  3.899109 -0.331851  9.294597 -0.317275 -3.081612 -0.501098  4.588339  4.657282  0.000000  0.000000 -0.352216  7.467311 -0.939414
 0.506730E+00   11.010692 11.554465  4.208601 10.656887 -0.560392 -0.394535 15.044286 -0.339845 10.658039 -0.360886 10.435090  0.000000 -0.352629 10.658147 -0.335290 10.434019 -0.308961 -0.359074 12.282165 -0.648219 -0.967743 -0.380448 -1.036856 -0.375892  3.965497 -0.341669  9.357752 -0.357893 -3.225538 -0.506486  4.647587  4.747586  0.000000  0.000000 -0.390063  7.576560 -0.864332
 0.518450E+00   11.013104 11.549614  4.217359 10.665650 -0.529877 -0.424698 15.056661 -0.386833 10.666850 -0.405948 10.443719  0.000000 -0.386603 10.666964 -0.370520 10.442592 -0.292381 -0.404286 12.330446 -0.679018 -0.902615 -0.424031 -0.943135 -0.406990  4.032182 -0.372277  9.421310 -0.403225 -3.370280 -0.540275  4.707210  4.838087  0.000000  0.000000 -0.432786  7.685549 -0.801888
 0.530150E+00   11.015339 11.544518  4.226223 10.674352 -0.505284 -0.469916 15.068141 -0.437115 10.675601 -0.454539 10.452252  0.000000 -0.436390 10.675720 -0.421881 10.451067 -0.278146 -0.453030 12.378636 -0.719810 -0.837488 -0.471246 -0.851024 -0.453767  4.099058 -0.419638  9.485163 -0.452065 -3.515567 -0.598191  4.767111  4.928640  0.000000  0.000000 -0.479277  7.794070 -0.755848
 0.541870E+00   11.017393 11.539151  4.235220 10.683010 -0.487758 -0.526871 15.078710 -0.490064 10.684309 -0.506017 10.460703  0.000000 -0.497741 10.684433 -0.484800 10.459458 -0.266759 -0.504656 12.426838 -0.769405 -0.772402 -0.521469 -0.761247 -0.512393  4.166309 -0.479409  9.549478 -0.503771 -3.661755 -0.674735  4.827452  5.019488  0.000000  0.000000 -0.528903  7.902381 -0.729763
 0.553600E+00   11.019249 11.533510  4.244336 10.691601 -0.478452 -0.592541 15.088305 -0.545096 10.692950 -0.559774 10.469049  0.000000 -0.567267 10.693079 -0.555744 10.467742 -0.258800 -0.558553 12.474949 -0.826450 -0.707756 -0.574093 -0.675419 -0.579585  4.233832 -0.547936  9.614152 -0.557732 -3.808580 -0.764770  4.888138  5.110489  0.000000  0.000000 -0.581037  8.010274 -0.726436
 0.565300E+00   11.020889 11.527606  4.253536 10.700082 -0.478165 -0.664402 15.096843 -0.601633 10.701482 -0.615209 10.477245  0.000000 -0.642387 10.701617 -0.632091 10.475876 -0.254787 -0.614116 12.522741 -0.889503 -0.644239 -0.628511 -0.596113 -0.652739  4.301351 -0.622404  9.678911 -0.613348 -3.955399 -0.864099  4.948919  5.201266  0.000000  0.000000 -0.635054  8.117274 -0.746572
 0.577000E+00   11.022307 11.521419  4.262837 10.708462 -0.487166 -0.740988 15.104300 -0.659538 10.709913 -0.672151 10.485298  0.000000 -0.721708 10.710053 -0.712463 10.483864 -0.255050 -0.671178 12.570278 -0.957642 -0.582333 -0.684539 -0.526525 -0.730398  4.368995 -0.701271  9.743872 -0.670453 -4.102448 -0.970246  5.009908  5.291987  0.000000  0.000000 -0.690750  8.223547 -0.788697
 0.588700E+00   11.023489 11.514940  4.272236 10.716725 -0.505216 -0.821150 15.110628 -0.718604 10.718228 -0.730370 10.493192  0.000000 -0.804176 10.718374 -0.795828 10.491691 -0.259742 -0.729508 12.617496 -1.029979 -0.522963 -0.741933 -0.471556 -0.811446  4.436719 -0.783393  9.808986 -0.728818 -4.249588 -1.081364  5.071063  5.382588  0.000000  0.000000 -0.747866  8.328989 -0.849817
